11562 0
6580 1
470 1
1142 1
5590 2
10655 2
1477 1
12783 5
2787 5
9675 1
13260 0
3807 1
8776 0
9637 1
7745 1
4207 5
9766 1
14819 1
5011 5
10733 2
3325 4
3905 1
9332 2
11765 1
14859 5
10982 1
6433 1
7348 5
1846 0
4907 1
12068 1
4851 2
1304 1
10980 2
6851 5
10661 1
8190 2
5950 2
6417 1
8935 5
1441 1
6872 5
8436 1
8082 0
9171 1
12647 0
3896 1
6619 1
294 5
4984 1
8116 4
12153 2
7940 2
13543 2
13527 0
11648 1
10151 1
6158 2
14517 2
10451 3
12677 1
8897 1
4502 1
14398 5
4297 0
5012 1
5408 1
7585 5
9628 1
12807 0
9261 1
7896 5
14315 1
12291 2
496 2
7775 1
12972 5
6941 1
6856 2
8595 0
7581 1
3372 0
7313 1
10824 1
13731 0
5784 1
5208 1
9118 1
6815 5
7558 2
12892 2
6735 1
6184 2
3557 0
8714 1
11333 2
5042 2
5687 1
2176 1
7221 2
7416 2
14347 1
12790 5
4913 0
4145 1
1867 2
7649 2
4850 1
2903 2
634 2
2592 1
5325 1
9433 5
11062 1
5822 1
2844 2
2191 3
3167 1
8789 1
10320 5
2607 1
14263 1
12026 5
5434 0
4797 1
11997 1
6134 1
4415 5
6626 1
12399 1
3074 2
13988 1
2253 0
1629 1
13647 1
4 5
13158 1
4188 5
6406 5
8055 1
2394 2
11718 2
14707 1
3673 1
2024 5
12658 1
1264 1
13695 2
10430 1
3791 5
5649 5
12352 1
7754 1
424 2
2084 2
1114 0
10480 1
9915 1
6083 5
309 0
13033 1
13581 0
4308 1
14816 1
8803 5
12881 1
11471 2
2705 1
12313 2
5989 2
10731 0
13196 1
6442 1
3361 2
13985 2
11214 2
11116 0
12731 1
8735 1
6006 2
9987 1
1483 2
10718 0
463 1
6525 2
10545 2
9888 1
315 0
1686 1
6874 1
10619 1
9641 1
5241 2
4324 2
354 1
12656 5
9576 0
12578 1
12375 1
12843 1
11814 2
5510 1
7194 1
9035 5
10565 0
9665 1
3064 2
10170 2
13884 1
13616 0
4476 1
8329 2
13447 2
7397 2
9169 1
10224 0
2625 1
5293 1
8009 0
12241 1
9322 0
511 1
1583 1
9018 0
4485 1
1398 2
7607 1
11608 1
14500 1
1449 0
3964 1
5181 1
8621 2
2145 1
7337 5
11604 0
14549 1
1081 0
1730 1
11496 1
5331 0
11741 1
4263 0
12250 1
9554 1
5038 5
4482 1
11566 0
648 1
12096 1
10359 5
3985 5
1288 1
10387 1
12655 1
11527 2
7970 1
2268 1
198 2
3790 1
8122 2
12008 2
12038 1
4460 1
11656 2
2665 2
12190 1
8808 0
4291 1
2410 1
7101 2
11026 2
14458 2
13549 1
9098 1
11638 1
8023 1
4863 1
8376 1
12280 2
10644 2
11723 2
2086 1
3291 1
12182 5
1260 1
4928 2
12720 2
10550 0
13013 1
7352 2
14080 2
3708 2
4172 2
5355 0
5888 1
155 1
4358 2
12433 0
8666 1
7055 2
2496 0
3252 1
13475 1
4884 5
6217 1
3452 1
1535 1
13394 1
4126 2
13623 1
6096 0
10356 1
5420 1
1870 1
9116 1
3453 5
4235 0
4061 1
2807 0
2451 1
1235 0
14298 1
6651 0
8245 1
4165 2
8760 2
1969 1
7528 2
7182 0
9331 1
12301 0
14000 1
7308 1
4319 1
14658 1
10287 2
1981 1
7385 2
8180 0
12631 1
10491 2
12989 2
11402 1
7067 2
3196 1
3081 1
731 0
1613 1
4328 0
9977 1
1230 1
10902 2
10723 5
14834 1
8360 1
12937 2
7245 0
10774 1
12487 0
12862 1
1962 1
14521 1
5975 2
3060 0
3955 1
12336 0
6704 1
10373 0
9255 1
12891 5
11146 0
4743 1
13266 1
476 1
10423 5
375 1
2242 1
6808 1
4197 0
10936 1
2300 0
7113 1
4214 1
10241 5
10673 1
8987 0
1496 1
620 1
14488 1
11852 0
13270 1
14540 1
1179 1
11816 5
12479 1
5983 0
4189 1
5125 1
9096 2
5245 2
10727 1
5943 5
7556 2
851 0
9952 1
10470 2
10337 2
3667 1
10237 0
8223 1
2221 5
14806 1
9002 0
926 1
5956 5
12850 1
5787 2
8795 1
14457 1
13964 1
9466 0
2 1
10020 0
6222 1
352 1
11911 1
998 2
2475 2
2789 2
3743 2
3140 2
10114 1
6515 1
6582 2
371 2
5518 1
14316 5
4167 0
5423 0
7784 1
4943 1
5948 1
11752 1
13012 1
10569 1
5506 0
8578 1
8284 1
4200 1
4688 2
4285 1
1985 0
11684 1
13194 2
9925 2
5572 0
10269 1
5670 1
10072 1
5346 0
12981 1
4350 1
12170 1
13145 1
4999 2
11977 1
11757 0
2967 1
10478 0
10178 1
7891 1
1601 5
14908 1
14821 1
12493 2
13460 1
5493 2
502 1
13245 1
8085 0
13175 1
8313 5
3600 1
11334 1
6652 2
2296 1
5438 0
3173 1
7632 0
10804 1
10843 0
12639 1
7790 1
12089 1
4552 2
14539 2
10518 3
2158 2
2452 1
4046 1
1315 2
14887 0
3158 1
14024 0
13319 1
7247 1
5342 1
9807 2
291 2
3838 2
1473 2
5061 0
3003 1
7175 1
11104 1
14925 2
1907 2
3522 1
9300 1
3678 0
11484 1
6756 1
7318 1
969 2
1878 0
12982 1
4478 1
1460 2
10742 2
6505 1
3013 2
1194 5
9714 1
14070 1
1552 1
6889 5
5229 1
806 0
14667 1
14312 0
3670 1
13441 0
11531 1
8312 2
10146 2
10611 2
7063 0
1564 1
5027 2
8292 1
14697 0
14708 1
12402 1
9919 0
14277 1
9839 1
10914 1
4035 1
5650 0
5502 1
9774 1
5634 1
4649 5
3537 1
7835 0
9933 1
5777 2
8798 2
13630 2
6618 2
14595 1
8983 1
5652 1
1589 1
8876 1
12589 1
8286 2
7354 2
14714 2
9872 2
2351 1
10562 2
5861 1
11224 1
5908 5
3374 1
5212 1
5402 1
13215 2
3075 1
6664 2
6586 2
10693 2
2954 1
9389 1
13420 1
2987 1
7854 1
9688 2
8057 1
12890 2
9207 2
10937 1
11873 2
10780 1
761 1
2574 0
4185 1
8121 5
10505 1
1926 1
1079 1
10311 0
10285 1
1367 0
3052 1
3873 1
1448 2
7114 2
12913 1
7545 1
13663 1
1295 1
11793 1
8144 6
13877 6
4023 0
2204 1
10971 0
9791 1
9091 1
834 2
9754 2
13212 1
7539 0
14942 1
211 0
7476 1
3528 1
9369 1
11274 5
9211 1
7549 5
3319 1
14599 1
1769 1
3238 2
13011 2
5149 1
5823 1
13130 4
3457 2
12977 1
4085 1
607 0
5808 1
4624 2
1785 2
2249 1
12649 0
1934 1
835 0
10103 1
1744 2
2732 3
11495 0
1358 0
12636 1
9144 0
6708 1
937 1
12962 1
5385 1
10676 1
11247 1
1041 2
1492 1
4399 2
6877 1
13241 0
9438 1
84 2
12465 1
4117 2
2054 0
6692 1
5400 1
784 1
14417 1
14062 0
14461 1
14726 2
3887 3
3866 1
556 2
7654 0
13721 1
1687 1
6437 0
4277 1
10442 1
9274 2
3732 1
7444 2
12438 1
13534 2
12911 1
8473 2
6601 1
3933 5
13596 1
8295 0
6736 0
9365 1
8781 1
7411 1
197 5
4104 1
7707 1
9137 0
7541 1
9451 2
219 0
14890 1
4504 2
11740 1
1639 1
9536 5
14812 1
158 2
10543 1
2659 0
11000 1
11065 1
11794 0
5846 1
3590 1
14835 1
8219 1
8582 2
3795 2
3546 1
403 2
10059 1
13295 1
456 1
14513 1
5262 0
13945 1
9565 1
12628 1
8499 1
8745 1
4031 2
10842 2
6428 0
13207 1
1327 1
12121 1
9491 5
13744 1
14194 1
8939 1
7932 5
12460 1
3500 0
582 1
2115 1
11690 2
2090 0
10419 1
2958 5
1830 2
6346 2
12883 0
7769 1
4506 1
11004 1
14722 5
2903 5
7124 1
3988 1
12219 1
7034 1
13185 0
10473 1
7755 1
9420 0
6685 5
1740 1
6930 1
4057 1
13551 1
13361 5
3628 1
1402 2
24 5
1631 1
14742 2
2906 2
13459 1
14767 1
2554 1
14328 0
10249 1
5302 1
6404 2
2575 3
10345 1
4578 1
6255 5
5074 5
14083 1
11367 2
10342 2
13329 1
4321 1
4215 0
1816 1
7183 1
6183 0
517 1
2916 0
7720 1
2931 5
104 0
3269 1
11545 1
12036 1
14832 2
2257 1
2208 0
10862 1
5299 2
14763 1
13210 2
8645 2
10759 2
3346 2
9846 1
11920 0
6449 1
1182 1
12539 0
10234 1
12374 1
12481 1
11463 2
7467 0
7 1
7989 1
3697 6
8491 6
10002 4
1399 4
14342 1
13966 0
4402 1
12684 1
8381 1
9896 1
3219 5
14617 1
1328 1
7532 0
1701 1
6997 1
5853 5
5205 1
942 1
452 2
9643 2
14775 2
13993 2
6312 1
7198 1
10420 5
12112 1
13178 1
6858 0
3575 1
8487 1
4305 0
908 1
12282 1
6984 1
4728 1
13116 5
3685 1
12549 1
11404 1
1479 1
5369 5
13598 1
10099 1
1383 1
12534 2
14484 0
6514 1
2165 1
202 1
7562 5
14044 1
922 0
6011 1
11237 5
10083 1
12073 0
3895 1
8203 1
13008 5
14904 1
3992 0
13416 1
5128 1
1745 1
7408 1
3517 1
9267 0
10990 2
4114 1
13911 6
5645 6
10214 2
3503 0
7656 1
6363 1
515 1
9567 0
8342 1
12929 1
13652 6
4227 6
6797 2
14303 0
595 1
205 1
4648 0
13157 1
5132 0
8001 1
3583 2
12710 0
14198 1
12308 1
4075 1
7679 5
14201 1
12442 1
10109 2
8543 0
3851 1
1153 0
6529 1
10463 1
12086 1
5594 1
9838 2
1817 1
5782 1
12773 0
12532 1
8977 1
4858 1
9971 1
2212 1
1184 1
5457 1
12251 1
137 0
1828 1
14078 5
11732 1
7551 6
10608 1
5489 1
6426 0
13434 1
9643 5
5428 1
11468 2
13813 2
7297 1
41 1
9749 1
7727 1
2205 0
7843 0
14475 2
3080 1
13899 1
2951 2
3799 2
3246 0
3001 1
10276 0
13311 1
4549 0
5207 1
11032 1
483 1
5082 0
1603 1
264 1
1838 1
2261 2
7486 2
7268 0
2405 1
6093 1
5204 2
13117 2
8669 2
8069 5
4273 1
12074 2
5043 2
213 0
4853 1
2190 0
4809 1
5954 0
12997 1
8300 1
5006 1
5581 1
5680 0
433 0
3551 1
6772 2
12161 1
6854 5
3928 1
2682 0
12901 1
13026 1
8596 1
4180 2
10989 1
2331 2
391 0
13994 1
2080 0
2017 1
9706 0
10828 1
10546 5
168 1
6225 1
10700 1
13556 1
13348 0
14039 1
14111 1
5993 0
5996 1
12046 4
14509 2
2122 1
1501 2
1759 2
957 0
13025 1
9147 1
2974 2
13244 2
10941 1
13600 1
10576 1
8322 1
4704 1
12921 1
114 1
8489 2
10858 1
4745 0
10630 1
10440 1
6603 2
235 3
2278 4
542 2
6911 2
8524 0
12670 1
2557 1
1385 2
6391 2
5244 1
187 1
3286 1
8589 1
9356 5
3918 1
2861 1
1681 1
8102 5
11951 1
8964 1
10452 0
8508 1
1963 0
10811 1
8826 1
5563 1
3077 1
1224 2
14947 5
10939 1
8895 0
3533 1
13435 1
7865 1
10538 1
7304 1
2830 1
13269 0
11984 1
6624 5
2814 1
1738 1
12324 1
11517 1
7005 5
12247 0
3702 1
11998 2
9964 2
10857 2
11343 0
7011 1
6963 4
12172 2
7478 1
11982 5
4749 0
12449 1
8847 1
756 5
6994 0
9731 1
90 0
4253 1
6647 1
8540 1
5631 5
11943 1
13634 1
14671 1
103 1
11111 2
3770 1
1888 2
9079 1
9779 5
13222 1
7296 1
13354 1
5261 1
13674 1
513 1
6211 5
9737 1
2696 2
11440 1
2311 1
695 0
5771 1
3951 1
407 0
12984 1
5046 1
7433 1
6830 2
5231 2
1252 2
4416 1
8332 2
5505 2
5274 2
12755 1
8708 0
5232 1
1757 1
11960 2
2793 1
5958 2
7485 1
3395 2
10266 2
4730 0
10076 1
8208 1
9041 1
351 5
5835 1
14046 1
10314 1
1592 0
6946 0
7263 1
12985 1
11789 2
13755 3
6139 2
8803 2
4996 0
6787 1
9363 1
6441 0
7646 1
13305 2
12880 2
933 2
599 1
4638 1
9203 5
11037 1
782 1
149 2
6289 1
5794 1
5446 0
724 0
4882 1
13952 5
12316 1
3573 1
12560 0
6284 1
9883 1
5226 0
12878 2
4237 2
12458 1
13490 1
6316 1
4731 5
1325 1
11135 0
3150 1
11097 1
776 2
436 0
4989 1
4966 1
13680 1
13353 1
13789 1
6754 0
10309 1
4617 1
4505 0
2684 1
13591 3
13161 1
11915 2
10716 0
1187 1
1357 0
5439 1
950 1
12372 0
5545 1
12480 5
7076 1
11755 0
8496 1
14869 0
11919 1
5665 0
8757 1
3710 1
7395 1
2589 1
3579 0
14559 1
14793 1
1294 5
13709 0
14191 2
3945 1
12696 0
12660 1
8464 2
12176 3
2956 1
2718 1
5749 1
12034 0
148 1
5672 1
4612 1
8147 1
9257 0
11449 1
14329 1
7529 3
1440 1
12202 1
2552 1
5253 1
13422 6
9758 1
13833 2
341 1
3527 0
5767 1
1526 1
8706 0
1242 1
8204 5
11704 1
11575 1
3151 2
1512 1
1055 2
278 2
14584 1
12714 3
8632 2
8042 1
12760 2
11678 1
12264 2
6710 1
4507 1
1700 2
13341 2
10426 3
4500 0
7405 1
14221 2
12959 1
5236 2
4991 2
5347 1
14768 1
5202 2
3345 1
1912 1
1117 0
8698 1
8077 1
4544 2
12478 0
9036 1
13024 2
14446 2
6084 2
11045 0
9149 1
3605 2
12579 1
13289 0
13031 1
7211 5
3488 1
2791 2
2248 1
8695 5
1469 0
5326 2
8465 5
2083 0
9696 1
9814 1
10436 0
4451 1
405 0
12818 1
8474 5
10119 1
9242 1
5247 2
14037 1
749 5
12494 1
13807 0
14251 1
2097 0
9748 1
3772 2
597 0
9689 1
6537 1
6148 0
252 1
4754 0
6847 1
11266 0
8967 1
4561 2
3159 0
10133 1
11071 1
7986 1
8065 1
4927 1
8438 5
14702 2
4086 2
3402 0
9243 2
3265 1
3281 1
6274 1
4289 0
13403 1
10686 1
4120 0
12406 0
8675 1
4867 0
6734 1
2649 0
14607 1
10816 0
10741 1
12511 0
11084 1
3721 0
3625 2
7565 2
8081 1
8133 5
9517 1
10896 2
8744 1
8786 5
8878 0
7406 1
3764 1
13357 0
9922 1
7644 1
1151 1
14859 2
9875 0
7686 1
8066 1
14318 1
4862 1
4942 1
3595 0
2152 1
8790 1
2457 0
7799 1
12253 1
6989 0
11864 1
12599 1
14814 1
3400 6
6299 6
8711 1
4894 1
12621 1
12963 1
6335 4
994 1
13239 5
10649 2
9403 2
6159 1
4323 1
5828 6
2988 6
4352 0
7931 1
10143 1
3733 0
329 1
3287 1
9760 1
5472 2
3200 0
10347 1
10521 0
247 1
6654 1
4570 1
13392 1
1724 1
1676 1
5356 1
8168 0
10300 1
4430 5
14269 1
10889 0
125 1
7475 1
1186 2
10961 2
13555 1
12092 1
5718 0
13373 1
62 1
7072 1
14933 2
13866 2
1639 2
14847 3
4473 0
8688 1
6933 1
8225 1
6817 0
2028 1
3499 1
4271 5
11657 1
2804 0
5667 1
1231 0
89 1
11276 1
2678 1
14594 1
10495 5
1372 1
11981 1
8115 1
14649 1
11355 2
12129 2
3552 0
6717 1
7217 1
11707 1
12603 1
2740 1
11836 1
9198 2
13205 2
7177 2
295 1
6760 2
14206 2
6923 5
1576 1
5382 1
13378 1
4973 1
6393 1
11293 1
3370 1
11554 0
5279 2
4094 2
6361 1
9947 1
13077 2
12718 2
3336 1
1714 1
579 1
9694 1
8713 1
8327 1
1594 1
12373 1
11846 5
1804 1
6768 2
10319 1
14214 2
600 2
13883 1
10598 0
3401 1
9501 1
11363 1
9666 1
3821 2
3973 2
7622 2
657 2
596 0
2936 1
6256 2
2894 2
9132 2
7221 1
1658 2
6614 2
11815 0
9400 1
3066 0
5010 1
2153 0
10490 1
13939 2
12694 2
5421 5
11557 1
5701 1
4089 1
12331 1
2430 1
2132 1
9165 0
11756 1
7383 1
3041 0
7167 1
7242 5
11635 0
12749 1
9359 3
12021 1
12332 1
6154 1
2481 1
14018 2
9459 2
8442 2
13638 1
2645 2
5391 1
8896 2
7906 0
5692 1
6233 2
3740 2
3154 1
10262 1
3643 1
12129 5
8033 1
266 1
14212 1
4142 2
3214 1
12529 1
8682 2
11871 3
2200 0
13925 1
9346 1
1883 1
3343 1
3443 2
13933 1
7619 6
9023 1
14209 1
9507 0
1043 1
9302 2
3983 2
8564 2
8931 2
6809 1
14465 1
6009 0
14410 1
1569 5
13445 1
5320 2
12344 1
9841 5
13792 1
7450 2
14444 0
13904 1
7603 1
7839 2
7266 2
6871 1
14287 2
2265 2
5170 1
14335 2
11166 0
1923 1
2239 0
3328 1
8350 2
6539 2
4495 1
13417 5
11983 1
4700 1
11476 5
1664 1
12682 1
11121 2
5568 0
7774 1
11421 1
9378 0
2733 1
5109 1
8201 2
11632 2
10013 2
8067 2
4468 2
5271 1
3993 5
1202 1
12022 5
2284 1
5883 1
13284 2
13493 2
10023 1
12217 1
5335 0
7773 1
8550 1
14539 1
9370 1
10563 1
5404 2
13451 1
6602 1
14791 0
10806 1
4118 1
2416 0
8177 1
3117 1
9536 2
773 1
14358 1
7601 1
8028 0
1731 2
6481 2
8598 2
12224 2
227 1
13538 1
2117 1
349 2
1531 2
636 1
12314 1
4220 0
2317 1
3137 1
11364 0
12910 1
3308 1
9007 1
9613 5
2973 1
13366 2
14917 1
1374 1
10376 0
3879 1
4474 2
13060 1
6396 0
12983 0
3763 1
5230 1
13981 1
3416 2
8310 1
13880 1
11036 1
4117 5
9048 2
9016 2
4947 1
10748 1
818 1
7836 6
1620 1
11200 1
1776 2
6486 1
2488 5
8126 1
11055 5
11087 1
10469 0
14936 1
6764 1
4107 1
4271 2
494 0
5866 1
9607 1
12786 1
10216 1
6383 5
9038 1
12857 5
968 5
9899 1
12297 0
3810 1
14343 0
10511 1
7015 0
435 1
11650 0
1180 1
4967 0
4058 1
12705 4
5405 1
5629 0
9039 1
8978 2
13531 2
6553 1
2604 0
2854 2
304 2
12404 0
6475 0
2466 1
5681 1
1590 1
8008 1
11091 0
11717 1
10747 0
4553 1
720 0
912 1
4173 1
3449 1
5887 2
6836 2
9720 1
14831 1
2630 2
9998 1
9832 1
10399 2
6715 0
75 1
11764 1
13841 0
6131 1
8463 2
2014 2
9208 1
9125 0
1208 5
12502 1
298 1
5959 0
12233 1
13786 0
3785 1
1936 0
13430 1
13997 0
3126 1
4479 2
14250 1
7510 0
281 1
12155 1
5142 0
10439 2
12805 0
4592 1
11532 1
14127 0
30 1
2606 1
2035 0
9092 1
13470 0
8762 2
13522 0
12538 1
14112 1
2801 1
14340 1
9408 2
7602 0
4141 0
7052 1
11945 1
9163 2
10254 5
14738 1
9691 1
9216 5
7762 0
11159 1
1241 0
1571 1
8618 1
1754 1
14562 3
1145 0
1012 1
10767 2
3403 1
243 1
4290 1
14489 2
3002 1
10493 1
3968 2
11660 2
13542 0
13281 1
4834 1
5473 1
13500 2
11979 3
813 0
8858 1
2887 0
4950 1
9790 1
13183 5
10449 1
1073 0
593 1
4769 2
3913 1
4218 2
1480 2
13614 0
8138 1
12124 2
4535 2
10933 2
921 1
10253 2
13788 0
5336 1
9086 0
11514 1
9056 1
8904 1
9357 1
13989 0
8739 1
8991 1
11761 1
1411 1
260 1
10168 1
13370 0
9052 1
13110 1
4345 5
12277 1
4378 1
10108 1
9224 2
5892 2
308 2
338 1
13720 5
3831 1
10636 1
5213 2
4958 2
2244 2
11502 1
8564 5
8446 1
2946 1
13882 1
9309 1
1040 1
2551 1
870 2
8448 1
2940 1
11989 1
5000 2
13620 0
8504 6
13133 6
6178 2
3554 2
11493 2
3118 1
3823 1
660 0
2580 1
5878 1
9783 1
14551 2
13131 2
7471 1
14879 1
190 0
9487 1
7216 1
2876 1
12192 1
8880 0
10226 1
13625 1
7712 1
6839 2
7026 1
4722 1
11301 1
7599 0
13294 1
14075 1
12143 0
396 1
8092 2
144 3
12967 0
3655 1
10152 5
10484 1
2908 1
557 1
10086 1
13100 0
12753 1
8093 1
3934 1
2362 2
9982 1
11767 6
1390 6
1732 0
8488 1
10895 1
14848 1
14244 5
10450 1
13806 1
10875 0
2768 1
3541 2
2217 0
11723 5
4159 1
12397 1
12063 1
9587 1
9097 1
8038 2
14168 0
13494 2
4195 2
2289 2
7059 2
6857 1
9988 2
12100 0
3069 1
5033 1
14650 1
12455 5
14388 1
14443 1
13752 1
7988 0
9506 1
5900 2
11964 1
10812 5
12353 1
10796 0
3076 1
7417 2
816 1
8603 0
4268 1
8856 1
2336 5
2640 1
3884 0
6674 1
8024 1
13170 0
9411 1
3083 1
2558 1
413 5
6563 1
6720 1
1255 6
14781 6
5676 1
5373 2
13371 2
5192 5
14063 1
4174 0
2133 1
14905 0
6730 1
1056 5
347 1
1646 0
1112 1
14386 5
2690 1
14703 1
9997 1
11686 5
10323 0
3378 1
8383 1
9314 0
160 1
6670 0
8179 1
11167 1
5154 1
4848 1
13472 2
7145 1
7286 1
4801 1
2401 0
715 1
7495 1
326 1
12047 5
9481 1
3092 1
11633 1
13103 2
9695 4
4049 2
12653 1
10138 1
14193 2
7827 1
6771 0
11042 0
13334 1
4348 1
13956 1
12452 1
12464 1
14789 2
6202 2
4874 1
7665 1
6005 2
3225 1
5103 2
1796 0
2487 1
13163 2
164 1
8389 2
12923 1
1909 1
7120 2
10699 1
5158 1
2977 0
5106 1
10294 0
13122 5
2942 1
4568 0
2547 1
11287 1
9815 1
11059 2
2709 2
1955 1
4711 5
3844 2
8157 2
8058 1
10772 1
12239 1
9100 2
4494 2
267 1
14060 1
4980 1
7817 1
70 1
14270 0
14362 1
7021 1
1128 2
10392 1
14241 0
3608 2
14449 2
4539 1
778 1
8238 1
11053 0
2082 1
6834 1
7085 1
8459 1
11321 2
9215 1
2541 1
9509 5
7199 1
13101 1
13360 1
5608 1
3164 1
13413 1
12434 5
6793 0
10283 1
11646 0
1051 5
3903 1
1077 1
420 0
9544 0
3737 1
4825 2
1567 1
2078 5
14460 1
9591 2
1284 0
9252 1
2812 2
6970 1
8891 1
10621 1
9325 1
14514 2
1890 2
10281 0
4954 0
12201 2
8701 1
11024 1
40 5
10980 1
7692 1
12213 0
3774 1
9750 1
1127 5
857 1
11524 5
1942 1
13578 2
6504 2
5162 2
8114 1
1464 1
8326 1
384 1
9407 0
11486 1
7295 1
4832 2
10677 2
763 1
10638 1
1736 5
11892 1
8770 0
5050 1
4755 0
13558 1
12278 2
5949 2
11948 1
10499 5
13696 1
2838 1
7615 1
7106 2
3408 2
14618 0
11599 0
4767 1
12012 2
14344 3
9435 2
10338 0
13797 1
3888 1
4792 1
14709 1
7420 1
9028 1
1414 0
550 0
5364 0
8989 1
13830 1
2382 1
14134 2
8178 1
10907 2
3874 2
1491 1
2744 2
176 0
14159 2
6425 1
7853 1
2485 0
9059 1
11884 1
9978 1
6487 1
1245 0
2569 1
13050 1
107 0
14048 1
11133 0
12847 1
10919 0
12168 2
2264 2
6719 2
14494 2
13852 2
1610 2
1048 0
9245 1
4151 0
13780 1
9330 1
869 1
3986 1
12540 2
5306 1
520 1
528 2
13318 2
5079 1
1810 1
7670 2
8196 2
2162 0
5203 1
4545 1
5957 1
9008 1
6750 2
8950 0
13423 1
12641 2
3501 2
9358 2
11439 1
11180 2
14165 1
3798 1
8556 1
6856 1
9417 5
3411 1
7057 0
11787 1
14434 0
13672 1
12255 1
3105 5
12522 1
11962 2
4926 2
13440 2
5635 1
10900 1
4631 1
10383 1
6110 0
2609 1
10301 2
4394 2
7793 0
7462 1
4150 1
3260 1
11074 1
6587 2
4231 2
9001 0
5433 1
12943 1
3562 2
4446 0
14348 1
6238 3
9655 0
9006 1
3876 1
6382 2
9180 2
9705 1
13224 1
44 1
3397 1
4871 0
2667 1
12292 2
7461 2
12633 1
1506 5
11811 1
11313 1
8805 2
13091 0
14920 4
6304 2
5119 1
1857 1
7007 1
14923 0
5869 1
12273 1
6548 2
9227 1
10018 0
13274 1
11388 1
13934 2
1289 2
1261 0
7987 1
6811 2
2335 0
7814 1
7041 1
5275 1
9515 1
3779 2
472 0
14130 1
12394 0
2865 1
5352 6
9089 4
11356 2
13293 0
4066 0
4771 1
12138 1
9379 0
1499 1
1929 2
11613 0
14237 1
8662 0
119 1
8731 1
3327 1
440 1
5876 2
4409 0
8674 1
1810 2
11886 2
1137 0
13004 1
13957 5
4979 1
6550 2
8746 1
2146 2
132 0
14361 1
87 2
2105 0
3653 1
3658 1
8718 2
5104 1
1945 0
14592 1
2325 1
13666 2
2689 1
863 1
10034 1
2375 1
6320 5
14072 1
11801 1
2593 5
11593 0
2309 1
6914 2
1178 1
11546 2
10886 1
12788 5
12646 1
1852 1
12391 1
2186 0
11534 6
6729 6
13746 2
4407 0
8013 0
2404 1
1597 2
12339 4
10310 2
10580 2
12052 2
12803 0
2761 1
5485 0
2535 0
622 1
7219 2
3424 1
6763 1
3985 2
8204 2
14538 1
88 1
6873 1
225 1
4269 2
7747 2
13115 1
10433 2
3750 1
4811 1
1076 1
7918 1
63 1
5412 0
14915 0
2997 1
10007 0
4782 1
733 4
8906 2
6349 2
9756 2
1644 1
10396 2
10107 2
9643 1
11737 2
7425 1
10736 1
7503 1
6630 1
2960 5
6707 1
7818 0
11550 1
5409 1
11218 0
4981 1
5049 1
3079 2
8882 4
6560 2
825 1
4113 2
1553 3
3616 2
13172 0
3087 1
5663 5
1239 1
2290 1
11697 0
1122 1
2610 1
6751 1
5859 1
3274 0
3640 1
4418 2
8372 1
7443 1
12238 5
12135 1
6310 1
7212 1
9155 0
13962 0
2993 1
3940 1
14766 1
1291 2
4532 1
1324 1
8188 1
13006 1
12055 1
14469 1
12400 0
12930 1
12940 1
3787 0
13682 1
5793 1
632 1
9581 5
14944 2
7710 1
7435 5
4386 2
3389 0
1101 1
11999 1
11868 2
6297 2
3338 2
4812 2
3339 2
11139 2
3693 1
38 2
2193 1
11641 0
4686 1
1956 0
3663 1
11573 1
8143 1
13946 1
239 1
8605 1
4484 0
9640 1
6572 3
10767 1
11544 2
12419 1
4563 1
8538 1
2803 1
2971 2
6516 2
12243 1
6471 1
9965 0
6176 1
10581 0
14265 0
3871 1
13932 0
9178 0
13836 1
6438 2
10497 2
9719 1
5523 1
966 1
4069 1
8831 6
6683 6
3157 0
9094 1
13762 1
10207 0
11120 6
3024 1
2008 1
5174 0
9429 1
54 1
4088 1
6369 1
12088 2
4388 2
9851 1
10737 2
6044 0
2142 1
2631 1
11302 4
10877 2
624 1
4029 5
1475 1
1697 5
6454 1
6417 2
9398 1
1428 0
3867 0
8193 1
6259 0
10882 1
9123 1
7884 0
8522 1
11455 1
9102 1
11264 1
11220 1
3313 2
5927 2
3379 5
14580 1
13124 5
13656 1
4641 2
14293 2
11211 1
9071 1
12692 1
2397 2
14799 6
11245 6
8756 1
9945 1
8589 5
8784 1
4822 1
7469 1
9855 1
5410 5
3827 1
4737 1
12211 0
14636 1
14095 5
3860 1
5195 0
10159 1
7921 0
7231 2
4669 1
11407 1
6000 1
9222 1
216 1
1127 2
1000 1
766 0
9725 1
10079 5
7079 1
9826 2
5713 1
9480 1
3965 2
9999 1
11131 0
6961 1
790 0
11046 1
12907 1
9548 1
9778 1
9058 1
6718 2
7574 2
625 1
1560 1
2201 2
7148 2
2875 1
7256 2
1415 1
8729 0
11987 1
4567 0
7782 1
4083 1
8226 1
7156 1
6214 0
10381 1
5252 0
5592 1
14692 0
9985 2
8819 2
6472 1
11842 2
11750 2
262 2
3825 0
3752 1
1236 2
156 1
11533 1
14013 1
3044 1
282 0
951 5
7315 1
503 0
7151 1
13669 1
6039 2
7855 1
8995 1
9927 5
8134 1
12276 1
32 1
13326 5
1813 1
6306 1
2473 1
7232 5
12512 1
14561 5
1356 1
12571 1
1663 2
8981 2
9948 1
4445 2
9921 2
1818 0
7507 1
6069 1
5297 2
9917 2
9794 1
4149 1
5795 2
4748 0
6250 1
8443 0
5265 1
18 1
6115 1
3188 1
12644 1
10924 2
11093 0
6703 1
6151 1
9190 1
12195 2
5185 1
4658 1
14750 0
5802 1
3902 2
5167 2
3144 1
11243 1
10670 1
9159 2
8939 2
9422 2
2533 0
11011 1
2349 2
3870 2
3026 0
14725 1
14749 1
3596 1
1422 2
1636 1
2676 5
6552 1
11865 1
6948 0
4586 1
221 1
9492 1
14272 1
929 1
6142 1
10763 1
2810 1
188 1
2363 1
901 0
10915 0
4888 1
1826 1
10743 2
12141 2
4096 1
6429 1
5544 2
12875 2
6840 1
7765 1
8982 1
10098 0
13553 1
11417 1
10029 5
10624 1
2408 1
11482 2
5833 0
6992 1
13642 1
14578 2
11653 2
1684 0
13349 2
8097 2
8515 2
2402 2
973 1
14861 1
5574 1
3622 1
4042 1
605 1
987 1
8492 1
5251 0
722 1
8297 0
862 1
6867 1
14058 1
14684 0
2530 0
8006 1
4881 1
1024 2
8324 0
9130 5
9396 1
14828 0
5630 1
14466 1
4483 1
14451 1
14240 0
9025 1
13299 0
12841 1
1273 1
14885 2
11817 1
10996 2
1765 5
9658 1
1067 1
1746 2
7660 5
6513 1
6325 1
4819 1
5081 2
2986 5
13351 1
14422 2
4602 1
9874 1
12817 2
13203 2
2687 2
12581 1
6869 1
10755 2
6321 1
9880 1
8124 1
5206 2
11294 6
8628 1
11661 1
711 1
4605 0
2157 1
11796 2
4902 0
12171 1
5328 0
10532 1
5873 0
8796 1
6671 2
12735 1
8003 1
10123 4
9225 0
12431 1
10360 1
8583 1
13431 1
438 2
14693 1
14204 2
3473 1
866 1
9542 1
10650 2
3817 2
4959 0
3239 0
12742 1
3465 0
3626 1
5611 5
2479 0
7328 1
1412 1
8501 2
7828 2
10116 1
4924 1
5353 1
2583 2
14366 1
704 2
10077 1
3436 1
6077 2
6489 2
626 1
8879 0
4255 1
1824 0
10866 1
6344 1
12060 2
6240 1
5775 1
14008 1
13327 1
14589 5
2520 0
5425 1
3972 0
1338 1
11626 1
4092 1
14948 1
8414 0
9881 1
14876 0
8778 0
12999 1
11106 1
5940 1
10729 5
839 1
2529 0
3634 1
7761 1
7907 1
8234 0
475 1
13979 2
10605 1
12711 0
9616 1
10070 1
12125 2
9188 0
1020 1
3765 1
1872 2
2521 0
261 1
14612 0
12854 1
546 5
8484 0
769 1
8270 1
645 1
11360 1
5986 1
11542 1
10720 1
322 0
8137 1
2721 1
1027 1
9162 1
12777 0
7748 1
6414 0
10136 1
5707 1
9524 1
14880 0
13315 5
3073 1
11706 1
7842 1
13984 1
10122 5
14773 1
7282 0
5580 1
10681 1
8152 2
2170 1
12787 1
14225 2
8601 1
14555 2
12269 1
537 1
13632 1
11976 2
14190 1
9479 1
7845 1
13162 2
8155 0
10575 1
8645 1
10992 0
10316 1
8659 1
4773 1
5556 1
6889 2
2032 1
8900 0
9704 1
9867 2
12906 2
5080 1
1709 2
2881 2
8930 2
12900 1
14236 2
9946 1
12 1
5376 1
4920 1
10564 1
3381 1
2739 1
11713 1
4480 0
11365 0
14320 1
10821 1
7924 1
1305 5
5083 1
12105 2
646 0
13893 2
13044 1
14133 5
355 1
14001 1
11843 1
2364 2
5520 0
5842 0
10776 1
7301 6
9949 1
2686 1
5330 2
4124 5
2419 1
3183 1
2510 1
13658 0
5178 1
6931 1
6125 1
7492 2
5484 1
13481 1
4793 5
14152 0
6265 1
10589 2
1450 1
6053 0
4600 1
5492 1
4883 1
7838 1
14023 1
4301 2
5739 2
8340 1
7691 1
6468 0
6826 0
9942 1
5164 1
6135 0
14875 0
2771 2
5786 1
241 1
8256 2
13965 5
10388 1
8228 1
10620 2
14564 0
5263 1
14372 1
14427 1
11470 2
14118 0
8018 0
4498 1
13063 0
14788 1
2079 1
14284 1
2343 1
5176 2
8281 0
13790 1
13488 1
13089 2
6859 1
3208 5
11835 1
11303 1
14645 4
14891 1
10912 1
4492 1
4783 1
796 1
3808 2
11170 1
11565 1
4740 0
8626 1
2519 2
10163 2
12376 2
10916 1
10037 5
14699 1
13879 1
11414 1
6473 1
2431 0
5166 0
14620 1
898 1
8534 5
8012 1
1354 0
485 2
2366 2
941 1
4307 5
13525 1
3062 1
9027 1
2023 1
7506 2
4102 0
4694 2
5432 1
12041 0
11077 1
14094 1
9362 0
5729 0
6126 2
1821 2
11872 5
6975 1
285 1
2668 2
14407 0
9085 1
10235 0
1293 1
60 0
303 1
10045 1
2980 1
4496 2
1897 1
2315 1
12274 1
1604 1
11382 0
13 1
2330 0
9950 0
1104 1
11720 1
9423 0
14003 2
7424 1
6042 1
11601 2
2537 2
9648 1
13868 1
14582 1
46 1
4664 1
14518 1
12916 1
7795 2
2034 1
9503 1
1899 1
361 1
3495 0
6669 0
14401 1
6273 2
14805 1
2576 1
8615 0
5156 2
10539 1
6404 1
3491 1
3858 6
13689 0
3904 6
691 1
2808 1
12876 1
9574 1
8469 0
12505 1
11577 2
11001 1
7470 2
1303 2
7673 0
931 1
13980 1
13938 1
7218 1
2749 1
14143 1
10042 2
9528 1
7055 5
3958 1
718 1
11549 1
5113 2
3588 1
10688 2
5487 2
5148 1
13955 5
1762 5
14295 1
896 2
2778 2
13919 1
3236 2
6231 2
13369 1
7310 1
13304 1
4064 1
10144 1
6150 2
1775 5
14139 1
8136 0
7061 1
4204 1
12084 2
3490 1
8150 1
3816 2
10827 0
5396 1
4437 1
14653 2
9259 1
13856 1
4757 2
6412 0
747 1
793 1
3944 1
14042 0
170 0
5036 1
10953 1
12450 2
8100 5
12468 1
14771 5
8585 0
13206 1
2310 5
5658 1
11174 2
7584 1
11788 0
11083 1
9813 5
14728 1
11249 1
4934 0
14213 1
3889 0
2269 1
3263 0
985 0
6900 1
4818 1
3646 1
12227 1
6838 1
11778 1
14823 0
7901 1
366 1
6103 1
4836 1
4103 2
7655 1
4803 0
8545 1
12607 1
14069 1
5857 1
13041 1
2045 1
7967 1
817 1
8761 2
10864 1
8719 1
14431 1
5241 1
10091 0
2148 1
12107 1
12260 1
12389 1
9106 1
11687 0
4366 1
7514 1
13232 0
13951 1
3350 1
14354 2
8232 1
3639 1
14893 1
787 1
10208 0
12827 1
4705 1
2192 0
10162 0
700 1
13995 0
4091 1
2791 5
9421 1
6338 1
1026 1
9674 1
6107 0
3314 1
14733 0
4519 0
7248 1
13380 2
5897 2
12011 3
4557 0
3525 2
5517 1
8830 1
4393 1
2355 1
5381 0
11025 6
11623 6
9612 1
14553 1
5289 1
12064 0
8948 0
10302 1
6060 1
5456 2
11762 1
9304 2
5925 1
4682 1
14119 1
8999 2
14098 0
2895 2
14450 0
13442 2
11683 0
2126 1
1984 5
11127 1
1584 1
9817 0
11971 2
10534 1
1580 2
1458 1
5649 2
876 0
4453 1
6025 1
2737 0
3775 5
7062 1
14772 1
836 0
8956 1
5091 1
9710 1
4861 1
10004 1
12519 1
11108 0
13769 1
4781 0
13286 1
12397 2
11210 3
878 1
11450 0
3272 0
344 1
6253 1
6389 1
8431 1
10695 1
9298 1
8681 1
2237 2
5152 0
8575 1
13136 0
5322 0
8019 1
10879 1
11952 1
13359 1
4192 2
98 2
10705 2
6969 2
12244 1
13363 1
12721 1
11305 2
5384 1
13517 2
9493 1
14100 0
11644 0
2516 1
14680 0
7721 1
14573 5
14615 1
715 2
8629 2
13047 0
4080 0
13486 1
3549 1
13149 1
14148 0
8767 1
7875 1
13286 5
4689 1
14389 2
4287 2
13794 0
7833 0
5919 5
13897 1
11173 3
4065 2
6849 1
3095 2
14514 1
12059 0
5449 0
177 2
7777 0
12954 1
12480 2
9170 1
5636 1
10597 1
8131 2
5053 2
10035 1
10117 2
14528 0
12384 1
8158 5
4036 1
3476 1
8952 2
3846 0
1505 1
2862 2
7756 1
11564 1
5294 0
11460 2
12849 2
7272 5
7254 1
9172 1
7564 3
8220 1
7898 2
5830 1
8764 2
9442 2
11413 1
3850 1
14815 1
4830 1
1835 1
6562 0
4472 1
13670 2
4171 0
6532 1
1345 1
5809 2
13541 2
2795 2
9931 0
686 2
572 1
5308 2
5295 0
6615 1
858 0
10204 2
11766 2
11973 1
10009 1
6483 0
988 1
6844 1
4798 0
5748 1
12722 0
5834 1
4003 1
6791 0
8734 1
6816 1
4326 3
8142 1
5562 2
3362 1
9986 0
9207 5
8679 1
13129 1
10765 2
8004 1
2198 0
13930 1
5804 2
10100 0
6237 2
2111 2
492 0
9728 1
1547 2
6903 2
7370 1
11275 1
7122 2
9585 1
1136 1
13209 1
8520 1
7872 0
2116 0
9730 1
3116 1
8627 1
11849 2
6934 0
2353 1
381 0
12597 2
13144 1
464 1
7675 1
5478 2
14231 1
3192 6
12043 1
9291 1
8294 2
5615 0
13621 1
9203 2
690 1
1201 0
7717 0
1193 1
543 1
4082 1
11611 1
5367 1
5601 1
1901 1
12218 0
12673 1
13536 2
11885 1
6980 2
10870 1
9962 2
13076 1
8606 2
1960 1
4637 0
13433 1
5727 1
10295 1
8422 1
237 0
9139 1
2854 1
3762 1
1141 0
3606 2
12137 5
6356 1
9734 0
10065 1
101 2
12027 1
7137 0
9226 1
2963 2
9402 0
10940 0
7230 1
11570 1
4449 1
10279 2
1197 2
936 1
174 1
13347 1
7600 1
5483 1
7442 2
12614 1
8398 1
10318 0
3930 0
3065 0
12398 1
10679 2
14927 2
9934 1
4608 0
14381 2
7535 2
12023 1
3936 2
12174 1
6922 2
7488 0
7847 1
1652 1
3715 5
6662 1
6928 2
3614 2
902 2
1726 6
713 1
558 0
13405 0
12537 1
7375 2
980 1
9905 1
5246 0
1463 1
3132 2
7044 1
5482 1
4753 1
14137 0
11631 1
1495 1
10266 5
7982 1
10401 1
8892 0
2135 1
8063 1
7140 5
10724 1
1778 1
9564 1
13040 2
2627 2
14245 2
7191 1
4362 0
3560 1
10615 0
14717 1
6591 1
11617 2
9923 3
6556 1
11028 0
6347 0
13399 5
4217 1
8955 2
3204 2
10461 2
12392 1
8309 1
5554 0
10017 2
12010 0
10348 1
7961 1
5909 0
1812 1
5070 1
14049 2
14770 5
11863 2
8375 2
6187 2
7972 2
9230 1
2154 1
6676 1
7741 1
10740 2
2449 1
14797 5
6782 1
11052 1
12889 1
601 0
9540 1
4212 0
13863 1
3129 2
14053 2
12471 0
249 1
2769 1
8140 1
9722 1
1782 1
490 1
13756 1
11124 1
6046 4
5094 1
14129 0
4295 1
11804 1
2215 1
7992 1
11856 2
4048 1
5798 1
9217 1
6016 2
14662 2
5896 0
6835 1
8993 1
4154 1
8902 5
4509 0
10603 1
2260 1
10407 0
14503 1
9682 0
9823 0
97 2
11869 0
7284 1
10358 1
12882 1
11822 1
1673 3
6376 1
961 2
6902 2
11191 1
11207 1
13193 2
6082 0
7973 1
14691 2
12048 3
11366 1
11451 2
6315 1
10106 1
14711 2
5359 1
12346 1
5377 0
794 2
3659 2
6813 2
10272 0
14882 1
10218 1
2213 0
131 5
975 1
5985 1
13537 2
11859 1
14687 0
8823 1
3544 1
4512 0
9829 0
362 1
5535 1
10629 0
1720 1
8037 1
3191 1
5086 5
14433 1
4143 1
364 1
8794 1
6611 1
7915 6
9852 1
9470 1
6288 4
5404 5
6385 1
7022 1
12617 1
1555 1
2348 2
11278 2
1215 1
4334 1
1833 2
9372 1
8797 0
5479 1
6186 2
5437 2
8088 1
11853 4
13829 2
11956 2
6463 0
10993 1
13456 1
203 0
3025 5
7788 1
3519 1
11332 1
8252 1
14755 1
9150 1
3195 1
8768 2
12591 2
10410 1
7336 1
1443 0
14774 1
2591 1
3366 0
2177 1
14078 2
270 2
5072 2
13629 2
3921 1
7879 1
9151 0
3607 1
5292 1
14572 2
14087 6
10709 2
5932 0
8611 0
4945 1
746 1
2415 1
1992 1
9464 1
4302 1
5389 1
6924 1
14490 0
14138 1
1453 1
4123 1
3085 0
1797 1
342 2
2885 1
830 2
2329 1
7217 2
9798 1
11714 2
5041 1
8158 2
14304 5
3390 1
4475 1
7253 2
4497 1
5734 1
4228 2
4661 2
3259 1
4838 0
12577 1
7638 0
13315 2
2992 1
10053 6
9757 0
8355 0
2891 1
11681 2
12298 1
967 2
11722 1
643 1
10809 1
13968 2
14807 1
11337 0
8793 1
6795 1
7816 5
34 2
10547 2
10183 1
14123 1
2618 1
1621 1
12456 1
2499 1
14631 0
10404 1
6384 1
14106 2
6329 1
14495 0
1459 1
1167 1
9340 1
538 2
12136 1
10118 1
9185 0
7373 6
14601 2
13765 1
10558 1
11729 1
14911 1
11851 2
7846 2
11850 2
3261 1
6770 1
9660 2
4738 1
2226 2
4112 2
10968 2
4041 0
13426 1
11505 1
2494 1
11901 1
664 3
12885 1
14177 1
12366 1
2692 2
10361 0
9163 1
1068 1
13998 0
10038 1
13261 0
1679 1
8191 1
9597 2
6455 0
12337 1
14710 2
11675 2
14637 1
11415 0
4313 1
10122 2
12956 1
943 1
2592 2
4015 1
10508 2
4556 1
2123 1
12893 1
9099 0
11349 1
4591 1
10573 0
1146 1
6636 1
7139 0
14616 1
1971 1
7698 0
12033 2
3899 1
9661 1
7958 1
2015 1
13928 1
9698 1
4729 2
13874 1
14499 1
6927 0
1671 1
7477 2
2098 2
2542 2
6029 1
4395 0
13068 1
13377 0
3728 1
7407 2
10385 2
13760 5
12771 6
8123 0
3926 1
7933 1
4251 1
9049 1
9793 0
10832 0
12181 1
6269 2
14497 0
823 1
5951 2
7077 0
2573 1
3022 2
5761 2
7521 2
2297 2
4723 0
518 1
2955 1
6445 1
12396 1
6820 0
2012 2
13965 2
807 2
9836 2
3776 2
7954 1
3784 2
11171 0
665 0
4777 1
10963 1
4099 1
5048 1
5679 1
13181 1
11331 1
8056 0
13585 1
8841 2
2292 2
4574 1
4969 2
6026 1
8206 2
8007 1
13711 1
13256 2
5257 1
1312 0
10291 1
6644 0
9136 1
9656 1
13870 1
7681 1
3512 5
2245 1
10375 1
10805 1
9980 2
12764 1
9751 1
1807 1
7249 2
10567 1
10299 1
13478 1
757 1
9630 1
8692 1
4714 2
11567 2
14140 1
4646 0
6728 1
9909 0
12583 1
587 2
10987 2
1635 0
3938 0
13355 1
2994 1
1868 5
8002 2
13577 1
8107 1
11772 2
10189 0
305 5
228 0
8870 1
1481 1
9419 0
12874 5
9467 1
14429 1
6814 1
7381 1
7104 1
4758 1
1126 0
1862 1
3299 2
12082 1
7652 2
14195 1
6106 2
12345 1
7161 1
11494 1
884 0
10653 2
14261 0
9253 1
3448 1
14830 1
2070 1
7084 0
5675 1
10006 0
6354 3
14010 1
11812 2
4245 2
4956 0
12836 2
43 2
8846 2
7983 2
10212 0
5343 0
5463 1
1917 1
4936 1
182 0
9082 1
14035 1
508 1
5945 2
5096 2
7430 2
5078 2
11078 1
3996 1
10080 1
5920 0
7955 1
6722 2
1014 2
3691 1
5785 1
3558 2
14929 1
5735 1
9800 0
7874 0
9337 1
8622 0
359 1
569 2
8550 2
9454 0
7445 1
5988 0
4282 1
591 1
3504 2
14146 2
9140 1
4131 1
5056 1
5623 0
2982 1
13579 2
1543 3
5448 6
1990 6
5443 1
4390 0
2184 1
2434 2
4278 1
157 1
13028 2
8945 1
4213 1
9412 0
5344 1
12153 1
224 1
8976 1
11663 1
9167 1
363 0
11003 0
7449 1
11629 2
5330 1
2124 1
3254 0
8541 1
9864 1
7262 1
8919 1
11314 0
11299 1
11931 1
12362 2
10535 5
5732 0
12925 1
3428 1
3235 1
8291 2
12172 1
453 0
8970 0
1601 2
6696 2
7902 1
6757 2
7572 1
9235 1
3007 1
4560 1
14300 0
2423 1
14481 2
14055 1
9430 2
1157 1
12173 2
437 1
1054 5
13393 1
3492 1
2018 1
10087 1
13878 1
1092 2
5112 0
4020 1
1143 2
3487 5
4843 0
11674 1
10985 0
11883 1
1811 1
3139 0
5872 1
12846 1
8257 2
13626 1
13011 5
6146 2
2770 1
439 0
9939 1
7031 1
6010 0
6219 1
5269 1
1840 1
5269 2
9538 1
3220 0
10887 1
3971 2
14059 1
12491 2
9546 1
10029 1
5130 1
8707 0
6866 1
14271 1
3496 1
7053 2
12037 1
3709 1
2703 2
8673 1
3121 1
5436 1
4948 2
3329 0
13313 1
2633 2
12542 0
5613 1
10005 1
586 1
6285 5
1299 1
1612 2
8293 0
12058 1
8306 0
14579 1
989 3
3335 2
5795 5
13466 1
10813 1
3745 2
4677 0
560 1
14259 2
9571 0
5323 2
14267 1
14758 2
11811 2
5513 2
5169 2
3700 2
8563 2
4071 0
13982 2
9307 1
594 1
3234 2
4530 0
3178 1
1741 2
11571 0
6257 0
13382 2
4585 1
2241 1
11786 1
11015 1
11409 1
6165 2
14057 1
10969 2
4025 1
1234 1
9568 1
12235 2
4454 1
2101 1
13231 0
5186 0
12319 2
5618 1
11880 2
6875 1
9598 2
3701 1
3975 1
9065 1
2602 1
6114 2
12642 1
11199 3
10024 0
14276 1
8667 1
8732 3
1190 5
11457 1
1375 1
11798 1
4339 0
13618 2
12671 1
4317 0
5776 5
183 0
5413 0
6955 1
10247 1
9373 2
8913 2
6590 5
9426 1
10577 1
10268 1
9879 2
7001 1
14619 1
8848 5
3367 1
13535 1
3908 1
14613 0
7941 1
9211 2
13972 2
7947 0
13070 2
14186 1
7363 0
5365 5
14804 1
3420 2
9409 1
1150 1
1033 2
3582 0
7333 1
1935 0
2735 1
1548 1
12550 0
8303 1
7920 1
2947 2
4029 2
13463 2
2991 1
7158 1
9168 5
4587 0
10519 2
9101 2
8365 0
14679 1
8905 1
4144 1
13902 1
4856 0
226 0
3099 1
1790 2
872 1
6863 1
5321 1
4778 0
10413 1
1008 1
12085 1
5071 1
12070 1
4077 2
7402 1
11821 1
7934 1
5233 1
9229 1
9636 1
7128 1
9024 2
633 3
4747 2
11153 1
14281 5
2059 5
6886 1
2319 2
8683 2
14566 1
602 5
7689 1
5726 1
169 1
8579 1
1640 1
3091 0
10728 1
2869 5
1445 1
4425 2
14510 2
6574 1
5962 2
12969 1
3651 1
13835 2
13758 2
12524 0
6954 5
7335 1
4021 1
3122 1
6439 1
14873 1
3498 0
1238 1
12304 2
12284 0
7633 0
13759 2
13657 1
3830 1
6050 2
9405 2
12563 3
11637 1
6035 2
12701 5
10509 1
6909 1
1060 0
8613 5
8800 0
14203 2
10257 1
6023 1
13570 1
12698 2
13834 2
2850 1
8049 1
9090 1
13480 5
8156 2
5974 1
350 0
1626 2
5573 0
9474 1
6894 1
11385 1
6243 1
10571 1
9385 1
2518 2
5812 1
14400 2
12312 1
11268 2
3865 1
10610 2
14387 2
11561 1
1599 1
6408 1
1527 0
11246 2
7697 0
9747 0
4846 1
1957 2
1345 2
4786 5
12973 1
10225 1
8151 1
11082 0
5214 1
1098 1
6469 1
4122 5
6136 1
12197 1
10625 0
9561 1
10622 1
919 1
3101 2
5578 2
11508 1
5852 1
13455 1
555 1
6888 1
11410 1
5234 2
6420 2
12708 1
11824 2
13809 2
11615 1
13749 1
4090 1
6789 1
5177 0
1521 1
13726 1
5745 1
4148 1
682 0
10240 1
4919 0
12988 1
11776 1
2175 1
11168 1
1561 5
10795 5
8409 2
6477 1
13617 1
378 0
14602 1
9119 1
9434 1
6112 1
11312 1
3182 1
5512 0
2723 1
11938 2
13103 1
8460 1
5475 4
6949 2
4070 1
5180 1
14892 0
13321 1
5370 1
13665 1
10918 0
8021 1
683 0
7660 2
4342 1
762 1
6933 2
1706 0
5884 2
14930 2
10600 1
353 0
11825 1
4668 1
8346 2
12634 1
4315 0
8263 1
12411 1
4082 2
80 1
9383 1
9289 1
14867 0
3470 1
6600 1
7795 1
14150 2
4183 2
2043 1
13279 1
7862 1
3736 2
13119 0
6262 1
892 1
11540 5
276 1
3224 1
7831 2
4671 2
11583 2
3443 1
1712 5
8637 2
14635 0
11424 0
9828 2
13940 5
8771 2
3419 1
8127 1
2421 1
14794 1
9787 1
1334 0
10236 0
5607 1
6194 1
13698 2
11090 2
13685 2
7342 2
6087 1
7205 5
9191 2
9615 2
2879 1
11574 1
12980 1
11067 1
6452 1
9324 1
447 1
8685 2
207 1
721 1
8975 2
12169 1
7334 1
14558 2
11447 1
7911 1
13519 2
9055 1
9583 1
10148 1
6699 2
3179 2
14160 0
5831 1
8064 1
13561 1
1183 2
11155 2
8512 0
10732 2
2597 1
11189 0
6188 1
4672 1
2641 1
10205 1
12530 0
7985 1
9011 2
6906 1
10112 1
4067 2
2670 1
12690 0
8094 1
1254 2
505 2
6524 1
14512 5
3650 0
11900 2
1032 1
8648 2
9048 5
1431 1
4903 0
11851 5
3425 1
9713 1
8644 2
11240 2
5766 5
2298 1
12072 0
12279 0
238 1
6235 1
6089 1
13905 2
6666 2
7515 1
5683 1
13737 5
12545 1
124 1
875 1
10061 1
9910 0
832 1
4736 1
13818 0
12007 0
6962 1
10850 2
7981 1
11891 0
1659 1
12622 0
8655 1
2941 1
12102 0
13820 1
11058 2
11184 0
13601 1
14901 1
234 1
332 1
7729 0
7635 0
977 1
10784 2
9848 1
4789 2
4652 1
6622 0
8371 1
12099 1
12792 2
14839 2
3915 1
12762 1
2673 2
6337 0
714 5
8032 1
8654 2
422 1
13675 2
6549 2
4198 1
11946 1
8887 2
1542 0
13650 2
12569 0
13156 1
12561 1
11831 1
12069 1
12898 1
11710 1
8896 5
4325 1
2259 1
12078 2
12489 1
2651 1
3529 0
7105 1
1489 0
10190 2
9580 0
3383 1
5225 0
2563 0
621 1
9651 2
12358 1
10514 4
9809 1
10066 1
14652 0
5003 5
10925 2
5829 5
11261 1
12028 1
5283 1
14625 1
9271 0
10662 2
14311 0
2058 1
9269 2
13562 2
10754 2
8641 1
2118 0
794 1
9626 1
7414 1
12976 2
11939 2
9782 1
8075 1
4365 2
14183 2
6943 0
12585 1
10472 1
8358 1
7391 2
2087 1
1418 1
11115 1
197 2
6932 5
11118 1
6401 1
7083 2
5931 1
14453 1
5151 1
9530 1
10703 0
7032 1
14919 1
1442 1
7190 2
2826 0
4528 1
3507 2
4941 1
8368 1
9258 0
7081 1
6672 1
7421 2
12237 0
11521 2
11304 1
11900 5
3189 0
3429 0
14357 0
3359 5
14291 2
5659 2
3629 0
9867 5
5549 0
6661 1
5587 5
13051 0
8200 2
14727 1
5981 0
12379 1
3615 1
14289 1
9068 2
11432 1
6068 1
12496 2
4044 2
3718 1
2425 2
7800 0
7962 1
10227 1
5435 2
4218 5
8285 1
3242 1
4523 1
4338 2
10551 2
9894 0
1168 1
8792 2
397 0
11023 1
2582 2
3233 1
13745 5
4201 2
5064 2
5441 2
14776 2
11271 1
3548 5
13082 6
5160 1
9702 1
14232 0
14675 1
9195 2
2500 0
8617 0
10906 1
8972 1
9440 5
13236 1
4726 1
8054 1
740 1
3837 1
2065 2
9458 2
13885 2
10691 1
12145 1
12484 1
13135 0
8646 1
14529 1
2183 1
8313 2
7202 0
14938 1
7594 2
1212 2
6684 2
2094 0
9707 2
9295 2
7169 0
14556 5
11196 0
6342 1
11874 1
7809 0
7326 1
741 2
12215 2
2240 2
11823 5
2386 1
13782 0
11487 1
10177 1
10898 2
3632 5
5723 1
6725 0
7168 2
3859 2
2232 1
5865 1
3025 2
13331 2
3056 1
12299 1
12978 1
9678 1
2381 1
9870 2
13907 0
4521 1
6555 0
7228 1
9937 1
5716 0
4674 2
12946 2
8627 2
6071 2
2502 2
750 2
1574 2
842 1
920 0
14305 0
661 1
93 1
3893 2
2859 1
6658 1
7165 0
13054 1
14921 2
3756 1
7209 1
14226 0
779 2
9017 2
4716 5
4908 1
7913 0
9559 0
13139 1
13513 1
5655 1
6822 1
8260 1
14715 1
10405 1
14413 1
1931 1
1494 2
6721 2
13781 1
12861 1
9262 2
14550 1
11212 0
3384 1
13528 0
13986 1
1567 2
12084 1
215 0
522 5
9496 1
13769 2
14604 1
10500 0
3805 0
13502 0
12543 1
8106 0
3757 0
1326 1
2909 1
12447 2
13414 1
293 1
11771 0
9044 1
6399 1
12390 1
4221 1
10931 1
12228 0
11649 1
308 5
6724 1
14897 0
8112 1
5452 1
11877 1
14442 1
11622 1
13768 2
13112 0
9166 1
10697 1
5444 1
13757 2
9657 1
11269 1
2512 1
11095 1
3326 1
4400 0
5935 1
5626 1
1749 1
10602 2
7590 1
4513 1
9248 1
9596 1
12554 2
6541 2
5173 0
13096 0
1930 0
11978 0
12808 5
12785 0
11482 1
14561 2
8128 5
5318 2
11292 0
7625 1
6440 1
8798 5
628 1
10188 4
12283 1
7852 2
11866 1
1237 1
6390 1
8547 0
11 0
10818 1
3979 1
4450 1
10978 2
7319 1
11436 1
444 2
3853 1
10713 2
13111 1
10930 6
443 2
13187 1
14900 2
12681 1
4995 2
14570 1
13268 1
8453 1
1905 1
13375 2
11628 1
4156 0
178 1
3586 1
14225 1
4696 1
10213 1
864 1
4799 0
3304 1
12899 1
2089 1
7051 0
4615 1
1340 1
3306 0
12821 2
1017 2
2219 2
6766 2
1484 1
10150 0
10171 1
8703 0
11089 1
3538 0
11659 1
7234 1
9294 2
2069 2
5141 2
2636 1
12149 2
9873 1
1794 0
5150 1
647 1
106 0
13265 2
3095 5
14374 1
8749 0
12633 2
166 2
8720 0
13550 1
12626 2
2985 1
1423 1
3387 1
8445 1
3059 6
9664 2
8840 1
3932 1
7760 1
8213 1
4702 1
3005 1
6446 2
10658 0
13318 1
11148 0
2168 1
14234 2
12870 2
10970 0
2868 2
529 0
9858 5
12300 1
8315 1
5955 1
1672 2
7252 2
5313 1
4194 0
6252 0
2960 2
10476 0
11568 2
8979 1
3647 1
9602 2
2750 0
296 1
6779 1
11888 2
5741 1
11254 6
9321 6
13177 2
3148 1
2730 1
2590 0
1735 1
6606 1
11899 2
2114 3
4012 1
10761 2
4994 0
3801 2
13330 2
8672 1
4621 0
8328 1
11179 1
12377 1
7073 1
3393 1
2258 0
10782 1
12587 1
6964 0
4262 0
7516 2
411 1
6949 1
14507 1
14547 1
14888 0
887 1
11770 2
319 2
827 1
8070 1
11907 0
2218 1
11474 1
659 1
6 2
7271 0
3734 1
10730 1
8531 2
9608 2
10557 0
3166 1
7579 0
12868 0
9786 2
6690 1
11241 0
7347 0
12157 0
7659 1
11485 0
7561 2
8379 2
5817 2
8689 0
8868 0
5737 2
11429 2
12699 2
8333 2
8854 2
9197 2
398 1
11959 1
3511 0
2937 1
6447 0
967 5
2506 1
1094 2
10877 1
4783 2
9869 3
7358 1
5407 1
7058 1
9981 0
7327 3
14498 1
3542 2
9967 2
9902 2
5280 2
13128 2
13811 1
7119 1
37 1
7019 2
7926 1
9519 5
6203 1
9683 1
10220 2
1011 2
6534 0
12101 0
10651 1
3977 1
12625 2
11872 2
10455 0
6190 2
7597 2
4426 0
6522 2
7927 2
3027 5
6021 1
7565 5
11749 0
13889 1
13520 1
9911 1
873 5
8250 1
3892 2
12966 1
3982 0
6904 1
891 0
2813 2
1533 2
12123 0
5915 2
13750 0
48 2
11955 1
12668 1
14145 1
6193 0
11953 0
12657 1
8937 6
7220 2
10414 0
12826 1
5587 2
4688 1
822 5
8816 1
2468 1
9282 1
5019 2
6585 1
9765 1
9551 2
9588 1
13582 5
8330 1
9465 2
6923 2
692 0
684 2
4144 2
5671 0
3472 1
12651 1
7841 1
10856 2
3686 2
8610 0
9077 1
11608 2
14364 1
13310 1
101 5
6543 2
2151 2
14247 2
3949 2
14220 2
9238 0
1427 1
13861 2
14033 1
13503 0
14243 1
11849 5
1176 1
8525 1
6687 0
8857 2
9502 1
10560 1
14681 1
13404 1
6435 1
2843 2
8850 2
1733 1
13337 1
10863 2
131 2
14642 0
9361 1
5216 2
3458 2
9500 1
9652 2
5810 2
4239 1
13517 5
7251 0
6024 1
9047 1
11881 1
11369 0
99 1
14574 2
8408 2
13285 0
14359 1
2266 1
4132 1
1795 1
13052 0
13424 1
11257 2
7505 1
8272 2
3543 2
1510 1
13602 0
662 1
194 2
11204 1
1582 0
12594 1
3747 0
14797 2
6361 2
2853 1
1716 2
441 1
7210 1
10517 2
7436 2
14722 2
13453 1
14886 1
3284 2
11861 5
5157 1
3674 5
11679 2
6215 2
14036 1
5220 0
14238 2
9156 6
12485 1
10185 2
9316 1
8351 1
7567 5
9504 1
13138 2
5797 2
14713 0
6459 2
12113 1
5429 0
3717 1
12265 0
1964 1
13921 0
8562 1
12700 2
12185 5
1771 1
12719 1
233 1
13793 1
55 0
7998 1
9414 1
2710 2
2897 1
580 1
5750 3
9853 0
9810 5
3523 1
4571 0
4670 1
7919 0
12845 1
9292 1
340 0
10678 1
7642 1
11201 1
12463 0
7825 3
3883 0
2055 1
12081 2
9746 1
3273 0
12960 2
4359 1
12387 1
374 1
14878 2
11005 5
10380 1
395 2
5994 1
11031 2
10643 0
9189 0
3409 1
9088 1
7204 1
14840 0
2759 1
7455 1
6375 0
12254 1
11236 1
6530 1
10960 2
14459 2
8259 0
9231 1
3407 0
10085 1
10282 2
8419 1
8625 0
13267 1
7923 1
8170 1
14483 0
11572 1
13468 1
7569 1
8929 2
1881 1
7593 1
8748 2
10729 2
8027 0
4893 2
6048 1
7378 1
10778 0
5374 1
9818 1
4441 1
13093 2
2623 2
9157 1
3190 1
10739 5
13667 1
2537 5
12613 1
13829 1
1541 2
13753 2
2827 1
13258 1
3011 1
10088 0
10901 0
1798 1
4456 2
1061 1
3355 0
13684 1
13368 5
521 2
2076 2
2953 1
2884 2
13489 0
5248 1
12659 1
6922 1
7952 0
5200 1
14583 1
729 2
10757 0
1123 2
1252 5
13545 0
6932 2
7935 1
6171 0
3624 1
8501 1
4158 0
6605 0
5880 1
12162 1
953 1
2711 2
4575 1
4543 1
13485 2
12953 1
6421 1
2223 1
9399 1
11286 2
10395 0
2758 1
12371 1
6141 2
9671 1
10344 2
11748 1
4993 1
13895 2
2525 1
2271 0
12257 1
8109 1
5588 0
14122 1
2062 0
12645 1
13397 2
5998 1
13074 0
13725 2
609 0
4607 0
11358 0
6573 1
2121 2
5648 2
11427 2
4710 1
9265 0
8165 1
2643 0
10222 1
11673 1
1250 0
10043 0
7501 2
4440 2
12018 1
11630 5
4875 3
5597 2
7029 1
11753 2
13059 0
9284 1
10169 2
10337 1
8885 1
14724 0
11985 0
13192 1
2339 2
259 1
8274 2
14678 1
5814 2
10145 1
6998 0
12819 0
11109 2
7171 1
9367 6
5282 2
4915 0
7174 1
13342 0
9348 1
10271 5
11477 0
13390 0
11030 1
7650 6
5651 1
13385 2
13518 2
12418 2
516 1
13214 0
1925 2
11378 1
2091 1
4713 2
14729 2
12106 1
12687 0
2370 2
2595 0
12416 0
12467 1
8198 0
14367 1
9812 1
13724 1
8877 1
7103 1
3264 2
2214 2
8814 4
14244 2
6143 1
278 1
574 1
1973 0
12370 3
12119 0
2462 0
13514 2
1275 1
9198 5
5690 0
2189 2
11055 2
6577 1
3669 1
12638 5
8663 0
930 2
3043 3
9522 1
14172 1
9317 1
13090 2
7116 2
7147 0
9343 1
10097 2
5708 0
14419 0
2450 1
13296 1
792 2
5961 0
11957 1
8761 1
10803 1
6804 2
10570 1
14644 1
5311 0
2893 1
2156 0
13250 0
2922 1
11581 2
4037 2
5789 2
13732 1
13380 5
14877 1
7484 2
3654 1
13229 0
4714 1
4628 2
6864 0
3829 1
4430 2
5594 2
10012 1
2320 1
3556 1
14647 2
10783 1
1292 2
12061 1
12535 0
1355 1
13512 1
9029 2
616 0
3901 1
1163 1
785 0
9093 1
12246 1
12196 1
5211 1
5140 2
5609 1
8450 1
5054 2
10997 1
6902 5
7531 1
2698 1
8089 2
14282 2
583 1
1557 1
8874 2
5710 2
1462 1
4461 0
10298 1
39 0
12139 0
9854 1
3090 1
9159 1
14409 1
13716 6
909 1
4410 0
5792 2
11221 1
9433 2
1221 2
4281 2
14625 2
9146 1
3311 1
12252 1
2067 1
3021 2
12178 2
2914 2
14260 1
3124 0
13688 0
1280 1
5654 2
8721 1
8275 0
3205 2
300 2
8291 5
14802 1
4860 2
652 1
14440 0
2092 0
5076 1
2182 2
9062 1
10192 2
11627 0
3051 1
10903 5
2564 6
9513 6
184 2
9463 1
1400 0
697 1
815 2
10058 1
14843 1
1822 0
7474 1
12208 1
13831 1
8494 2
8423 2
8801 5
14576 1
10553 1
1406 1
2702 1
450 1
8483 1
10255 0
11576 1
5431 1
1287 1
6594 0
7882 1
13592 1
4127 2
3912 1
12270 1
5197 1
8035 1
4314 1
9645 1
11539 2
430 1
6665 0
4896 2
2463 1
6806 1
1332 1
5287 1
5100 2
10425 2
11040 2
14086 2
1377 1
5847 1
11434 2
5057 2
14570 2
9804 1
2797 2
12441 2
9374 5
14660 1
13702 1
13094 2
10841 0
14591 1
9895 1
12772 0
317 1
2753 2
5851 2
4548 2
6049 2
1120 1
11895 0
8529 1
5598 1
6784 1
13043 2
10798 1
7500 3
6978 2
4392 0
10175 2
10232 0
6790 1
5138 0
9471 1
9349 1
12638 2
5939 1
13188 1
3960 1
2075 1
12311 0
12094 0
11112 0
491 1
12318 2
1619 2
6745 5
10432 0
11149 1
13064 5
1365 2
6527 2
3783 0
9736 1
3331 1
10800 2
13823 5
14166 1
9019 1
11588 1
8773 1
13985 1
6402 2
4800 2
14863 1
735 2
10184 1
10725 1
360 2
1633 1
3567 0
10481 6
7993 1
4343 1
2469 2
3868 1
9617 1
9914 1
13649 5
10770 0
6684 1
11338 1
3826 2
12152 1
8820 1
630 1
13736 1
3347 1
4458 1
69 1
9070 2
2027 2
13872 0
2427 0
11799 0
6167 1
2003 2
9270 1
16 5
14864 1
2696 1
3380 1
13640 1
7703 1
5066 2
8314 5
71 1
4662 2
1549 1
1110 0
8338 0
3665 1
10142 1
7974 2
13540 2
7023 1
561 1
677 6
4309 1
8043 5
3232 1
5362 0
8960 2
2514 2
138 0
12263 0
11940 0
13900 2
13948 2
3597 0
2910 1
9560 1
1666 1
8888 1
2654 2
3045 2
7097 0
4157 3
5946 1
14502 5
13391 0
4890 5
8513 0
11319 1
14041 1
3415 0
6853 1
8418 1
4707 1
13844 1
13891 2
10482 5
5350 0
4140 0
5941 0
5035 0
1705 1
10967 1
6490 1
6398 2
2986 2
8029 2
13947 0
12156 1
12151 0
5309 1
3008 0
7669 1
2504 1
13448 2
5073 1
4889 1
5827 1
12163 1
6821 2
2395 1
5426 6
12545 2
4421 1
3657 2
11763 0
389 1
10155 5
2443 1
8836 1
7864 2
1087 1
9877 2
3939 0
9862 2
6303 2
14648 0
10219 1
4514 2
8832 2
11870 0
8718 1
10957 2
11854 5
13599 0
4347 1
9124 2
13253 2
837 1
7141 1
7323 1
417 1
8953 1
2867 2
1800 5
14557 1
4384 1
2863 2
6432 1
12933 1
10911 1
4931 1
604 0
9712 1
4397 1
2225 2
5769 2
3911 1
3722 2
1072 2
14786 0
5451 1
514 6
12175 1
12209 1
3048 1
12897 1
9735 1
14899 0
376 1
286 1
10427 2
4535 1
14288 1
9897 1
8973 1
2065 5
2454 1
4340 2
7530 1
12030 1
11607 0
8321 1
2295 2
14043 2
14866 5
12044 1
8534 2
7415 1
9992 2
3521 2
6831 1
2616 2
541 2
1806 2
848 5
5268 0
4678 1
6209 2
11970 2
1698 1
13421 1
2798 5
12446 1
423 0
11594 2
2571 2
6569 5
11820 2
9820 1
171 1
9310 0
10104 2
12115 2
3792 1
11832 1
14537 0
6377 0
12853 1
4775 0
10684 1
12754 0
3917 1
7731 2
10447 1
14189 1
5051 1
5102 0
6581 2
5020 1
3459 2
11735 1
5215 0
13153 1
9043 1
3138 1
4274 0
7671 1
4187 1
12079 0
13671 1
7968 1
653 0
8212 0
6381 0
12242 2
4252 1
4296 2
2526 1
4835 0
7149 0
12601 2
5175 2
728 1
12437 1
2628 2
10556 0
4209 2
12159 1
4774 1
8276 2
12075 2
13764 1
14643 1
3290 0
2716 1
9234 0
9916 1
12715 1
821 5
6182 0
9732 0
8532 2
4922 1
13554 1
8000 0
4084 3
7384 0
4336 2
7208 0
10353 2
4363 1
12342 0
11438 1
1502 0
4978 2
613 2
11008 2
11616 0
3789 1
11048 0
12147 2
2662 1
8923 2
9433 1
1200 2
13760 2
1959 0
13417 2
9797 1
11233 1
13539 1
1630 0
2001 0
14587 1
3754 0
11993 0
3113 2
7616 1
7324 0
2171 1
122 0
7222 0
6191 0
11774 2
4910 0
14182 1
7815 1
2786 2
7344 1
9976 1
10246 2
13168 1
10593 1
2143 2
11481 1
4905 3
6561 1
5075 2
7441 0
13084 1
6365 1
7091 1
10113 0
7820 1
10271 2
3320 2
5217 2
5854 1
1848 2
7928 0
8060 2
11972 2
4236 1
12005 6
4163 1
1572 2
7132 1
3548 2
7900 1
263 2
14396 2
13530 0
8451 0
6090 1
7688 0
310 3
2571 5
4852 1
13808 0
7840 5
9173 1
11723 1
12411 2
1946 2
3526 2
9859 1
7294 1
1339 2
5219 0
9447 2
4051 0
5530 0
12436 2
5721 1
13462 1
2560 1
331 2
7801 1
9920 1
7806 1
11013 1
385 2
6228 1
5889 1
12462 2
2711 5
14235 1
2254 2
11563 1
1865 0
8111 1
14590 0
3589 2
13002 2
3841 0
7647 4
8382 0
11808 2
6609 5
10561 1
7733 0
7976 1
14515 2
199 2
4547 0
927 0
6362 1
8712 1
7264 0
12750 0
7621 2
8563 5
2465 2
11813 2
2579 1
11582 2
6974 1
2111 5
14149 0
2652 2
8162 0
13991 2
11777 1
5454 2
10954 1
8117 2
10708 0
13777 1
11965 2
897 2
3413 0
1651 1
3580 1
5706 0
3767 1
13705 2
9605 0
7668 3
1348 1
9928 2
12740 2
1213 1
7589 2
6767 0
7127 0
1322 2
10196 3
10093 0
6388 2
12385 1
1373 5
4982 1
10591 1
12382 1
4986 1
8886 2
9913 1
14603 1
3243 1
7226 1
421 1
1272 2
4976 5
3804 1
5870 5
5542 0
8572 2
7613 2
4679 1
12520 0
6677 0
9667 0
693 2
6639 1
4487 1
803 1
14716 1
7630 1
14021 0
12347 0
5917 2
567 1
4383 1
6123 1
5326 1
3081 2
8652 2
4762 0
2931 2
5270 1
3911 2
1764 2
2834 1
3040 1
12872 0
12328 1
1947 2
12804 0
8554 6
7017 2
11936 2
9901 0
11132 2
9490 2
7643 2
5026 1
12867 1
7223 1
1228 1
9145 2
11548 1
4971 0
8017 1
5363 1
6282 2
8466 2
5890 2
5990 2
14878 5
809 1
6778 0
1329 1
7189 5
6181 1
14056 1
10197 1
1982 1
9263 1
6519 1
7679 1
14723 1
13561 2
670 2
11896 0
4463 1
4640 2
8130 0
1863 2
899 1
10760 1
11642 2
575 2
1997 1
6020 1
13612 1
2683 1
5617 1
12016 2
4250 0
1866 0
1233 2
7498 0
10671 1
9425 0
2025 2
3664 1
9117 2
7325 2
5497 2
10711 2
795 0
10284 1
10028 1
5411 1
9247 1
11688 0
4925 1
2534 1
14624 5
12087 2
14866 2
5145 5
8359 2
10750 0
2524 2
7360 0
3832 0
4186 2
658 2
1306 1
3351 1
1006 0
5765 1
6326 2
14368 5
6850 2
10036 2
3229 0
12184 6
7783 2
61 2
3435 2
7524 3
13521 1
1975 1
935 1
10105 1
1395 2
4369 2
2741 1
9186 3
11694 0
2539 1
9795 2
4960 0
1066 2
1108 1
5338 2
10349 0
11838 1
13710 1
3352 1
10712 1
8565 4
6493 2
6623 2
13523 1
5172 0
631 2
9004 1
5693 1
6498 2
1080 1
5123 0
1654 2
4403 5
1031 1
11317 0
12809 1
2842 0
11295 1
5605 0
11492 2
11988 6
9488 1
2751 1
11708 2
6940 1
13659 0
4387 1
10129 1
3900 2
3340 3
3881 1
8311 2
6499 2
13771 1
5371 1
4129 2
8022 2
12565 0
14883 2
12667 1
9805 2
3861 2
8319 2
9405 1
1534 2
1243 0
5590 1
5662 0
11096 1
1097 2
1842 2
11680 1
6966 1
8649 1
6746 0
5238 1
10973 1
10790 0
3706 1
140 2
5922 0
14285 1
9494 1
1075 2
11064 1
7725 0
5189 1
6783 1
12796 1
13950 1
14581 5
9777 2
9622 0
3058 1
3093 2
6675 0
11963 0
11007 1
2806 2
5722 0
8722 1
2660 2
663 1
10467 2
7468 2
3531 1
13219 2
9529 1
12499 1
10389 0
11937 1
2128 1
5437 5
14034 1
6144 2
958 2
581 1
7653 2
1825 2
2727 0
10894 1
14654 1
13384 2
7283 0
6278 1
8822 0
10876 2
5564 2
10254 2
1256 2
788 2
768 1
1444 1
2334 1
2847 2
3539 1
14826 1
14696 2
9072 2
4708 0
14306 2
526 2
7611 2
13770 0
8863 1
2556 2
5579 1
1297 2
3332 0
14903 1
24 2
1700 5
7197 1
4667 2
5144 2
8266 5
1413 1
7787 2
2125 2
2033 2
3160 2
5674 1
11950 1
3872 0
1447 1
8802 0
1346 5
12445 1
335 4
3671 1
13846 1
12619 1
10074 2
11916 1
204 2
13335 2
7617 2
8986 0
3042 5
7131 0
9078 0
9990 1
10210 1
314 2
2273 2
265 0
180 0
5688 2
6901 0
7975 2
5813 1
1337 2
4246 0
2484 2
5237 2
10860 0
1037 2
4452 1
471 5
11887 1
14025 1
5534 0
1943 1
8373 1
3161 2
14608 2
2656 1
1345 5
5841 1
3365 0
11867 1
5097 6
13742 1
6640 1
12609 1
4491 1
3641 2
7848 1
1770 1
6854 2
1099 1
8634 2
5127 0
11848 0
10350 1
6465 1
2532 2
12584 2
7092 2
4170 1
14459 5
8458 1
1330 2
7196 1
9556 2
14321 2
10759 1
3169 2
5926 2
10845 1
7966 5
3863 0
11902 1
3695 1
4266 0
1291 5
10390 1
9519 2
9594 1
11456 1
2367 2
6512 1
6477 2
1540 1
8020 1
11730 2
13397 5
2654 5
11029 2
3486 1
6982 2
3162 1
2912 0
13876 1
11480 0
4053 1
3809 1
1734 2
5014 1
14646 1
10010 2
2765 1
11010 0
13401 1
3771 0
13000 1
11130 0
13627 0
5646 1
12528 1
4955 2
22 0
7043 1
5139 2
1062 1
5565 0
8370 2
10307 2
13720 2
10130 2
7179 0
5469 2
367 2
10844 1
10364 0
163 0
5703 2
2150 0
11728 1
6945 1
4270 2
5427 1
2482 2
11137 1
4666 2
11705 1
14677 2
860 1
1205 0
13773 0
1634 1
2144 1
1638 1
1873 5
9545 0
1850 2
6001 0
12706 1
12060 1
5315 2
9046 1
8135 1
615 1
4515 2
5052 2
9376 0
292 2
9201 2
10014 0
12637 1
6466 1
1170 1
1536 1
10826 2
6059 2
3999 5
7465 1
302 1
8750 0
4630 1
12643 0
11624 0
7364 1
2310 2
7552 0
4916 0
7899 4
763 2
8172 1
1063 1
7636 2
13748 2
8407 1
965 1
1868 2
4633 2
8241 2
3916 1
3856 0
2792 1
9285 0
8278 1
831 2
13217 2
3437 1
5120 1
10566 1
9784 2
13467 2
6098 0
12951 1
6117 5
5110 1
10198 3
5923 0
8447 0
1192 1
6595 2
8128 2
3852 2
14369 1
13035 1
5126 0
12887 1
3716 1
12733 2
13484 2
10628 0
8551 0
4577 0
2553 2
10633 2
4898 2
9030 2
3293 3
10418 2
12903 4
7078 2
9618 1
10445 0
3891 0
4578 2
14889 1
9148 1
7749 0
1052 2
1607 2
4606 1
540 2
6313 4
390 1
4242 1
9336 6
3515 1
10847 2
4049 1
14009 1
12240 1
10390 2
7368 2
13146 0
7238 1
4766 1
9886 6
9776 2
4987 4
8914 0
9634 1
8899 0
346 2
236 1
256 1
13595 1
10261 2
12871 0
14932 2
9586 0
13291 1
10935 0
3820 1
14437 1
11992 2
12702 1
3612 1
1430 2
4470 1
6604 2
11458 2
8600 2
1172 2
4376 1
13854 5
2293 1
13240 0
8558 1
4842 0
12231 0
8907 1
3349 2
4306 1
1454 0
10312 2
10160 2
12158 2
13259 1
1219 0
12081 5
11163 2
14868 2
283 2
7612 1
8528 2
7657 2
11829 2
10195 0
4683 1
3485 1
13704 2
3130 0
3104 1
2164 1
10542 5
1089 1
12380 1
133 0
10786 1
445 2
2380 2
5224 2
730 5
10978 1
11890 5
11589 1
11431 0
9051 1
14603 2
4789 5
5312 1
3047 1
4759 2
10975 1
13368 2
13065 1
5179 1
1600 1
9194 1
12461 2
2358 2
1350 1
5023 1
14712 2
6749 2
5820 0
11344 3
554 0
8076 2
2694 0
7136 0
5067 2
14258 5
8015 0
1417 1
13734 1
10441 2
2964 1
8505 1
8938 1
742 2
7575 1
1915 2
9033 2
14331 0
4226 1
7535 5
1762 2
479 0
13220 1
716 2
7311 2
14153 2
9523 2
8105 2
5764 2
1579 2
6712 2
5638 1
11420 1
1988 1
4891 2
1420 1
5612 6
533 1
7909 2
10881 0
8765 2
11695 2
9611 1
1508 0
12049 1
6643 5
3509 0
4147 1
7567 2
11033 1
3202 2
10244 0
4111 2
7996 2
14341 1
5531 1
13526 1
1010 2
2794 1
654 0
11529 1
11500 1
5495 2
1983 0
5871 2
9960 1
13491 2
1111 0
10795 2
13053 1
8392 0
2026 2
9601 1
6323 0
185 1
12661 2
11716 4
6809 2
12338 2
14509 1
9021 0
8639 2
6015 5
2480 2
10306 0
6370 2
8205 0
2943 1
6234 0
10883 1
10125 1
5304 0
5564 5
7776 0
7526 0
6881 1
10211 2
11068 1
5001 2
497 1
4335 2
11019 5
4840 2
6951 1
12401 1
4692 1
10981 0
10071 0
14448 0
6022 0
6855 1
2638 1
8850 5
8787 2
982 2
9067 1
1036 0
7224 2
14902 2
1789 0
7543 1
1751 4
2752 1
9204 1
4805 2
14533 1
1655 1
4779 2
14415 2
7265 1
8078 5
13018 2
1162 6
10434 0
14522 2
7885 0
1940 1
7292 1
14253 1
5486 0
6882 1
1472 2
14325 2
13085 2
3818 1
13666 1
2540 2
5084 1
3110 1
9764 5
3186 1
5717 0
13637 1
5569 3
4623 5
1158 1
14097 0
5285 1
7361 2
12652 1
8833 1
4786 2
4562 1
12271 2
9569 1
888 3
5016 1
13247 1
6978 5
167 0
2622 0
12000 0
13482 1
7702 1
13847 2
5272 2
4953 2
7356 0
5766 2
3208 2
4804 0
14756 2
3097 2
4814 0
14074 0
11346 0
9956 1
1121 2
5440 2
4002 2
5 1
7542 0
13003 1
7290 0
11682 2
3493 0
14686 1
4137 5
565 0
6656 0
5500 1
12683 0
1693 0
3483 2
23 2
3184 0
11640 1
14657 1
10948 2
7257 2
10459 1
3377 2
5691 2
6801 1
4559 6
8557 5
8429 0
10714 0
6015 2
1380 2
9333 0
1217 1
12582 6
4727 6
3321 1
8670 2
954 2
10202 2
6576 1
562 0
13500 1
4520 0
10201 1
3824 3
12248 1
7604 2
11396 1
3690 1
3406 1
9974 0
13529 2
1198 3
1023 1
9364 2
9350 1
890 2
9299 2
11370 1
13037 0
12767 0
3738 1
7280 2
10173 2
11606 0
12430 2
8298 0
14585 1
5796 0
903 0
12167 0
12025 2
5814 1
1093 1
3109 1
3180 1
7724 1
9105 2
6292 2
7945 0
13990 1
3388 1
14230 1
13509 1
3120 1
10920 1
12455 2
3206 1
6345 1
847 0
2361 2
5600 2
2545 1
5919 2
1715 4
14480 2
11406 0
13610 2
8633 2
6261 0
14610 1
590 0
4103 5
10031 1
3023 1
6037 1
4808 1
11056 1
2820 2
12548 1
200 2
7027 2
1713 0
7187 2
8577 4
9633 0
47 1
4885 0
2262 2
11667 1
10802 1
5416 1
7553 1
6492 1
11164 1
7537 1
8591 6
13061 2
5524 2
8189 2
5810 5
416 1
10181 1
14203 1
13097 1
9153 1
6364 0
3839 0
9256 0
3027 2
4681 2
14933 1
8462 1
2332 2
3681 2
482 2
13924 1
12730 1
7726 1
9313 5
6054 1
4868 3
11809 2
11305 1
8320 6
1815 0
5711 1
2755 0
14205 1
767 1
12914 1
116 1
9113 2
8742 1
13132 2
13253 5
13471 1
1007 2
4821 0
13497 2
368 1
5725 1
3086 1
5755 2
6977 1
9834 0
13538 2
4831 2
2172 1
1898 1
4241 2
2760 1
4448 2
4130 0
2022 0
7439 2
2099 5
11587 1
3593 2
952 1
11924 0
4866 1
11499 2
7889 2
7504 2
12838 1
14378 1
9917 5
13183 2
14850 1
4360 1
1837 1
2756 1
223 2
4471 0
6322 0
10327 1
14624 2
7959 1
10402 1
1913 1
13767 0
7258 0
11475 1
4820 0
14093 1
8390 5
11690 1
2633 5
13799 0
1970 1
13340 4
10064 0
5754 2
3342 0
12035 1
4331 1
8479 1
6633 1
4952 1
12665 1
8553 1
4125 2
4855 2
2969 0
13941 1
6690 2
1609 0
824 6
13508 1
10949 1
10626 2
9595 2
7674 0
5055 0
8395 1
13275 1
4054 1
2099 2
9609 5
9341 0
12635 3
9609 2
11966 1
7661 1
12674 1
12333 1
7850 2
886 2
1932 0
1132 2
6157 1
2331 1
5879 1
9992 1
924 2
774 1
1281 0
2197 0
12343 1
8472 0
1366 2
11672 1
743 1
4115 2
10662 1
4975 1
3919 2
14292 2
13635 2
8477 1
181 1
754 1
9935 0
2095 2
8086 1
9301 2
5403 1
11176 1
10055 5
13832 0
9416 2
2458 1
7357 2
5198 2
506 2
5915 5
8521 1
33 2
8881 1
14345 1
14536 1
3034 1
9810 2
1028 2
10771 1
10513 2
14233 2
2185 1
5118 1
5604 1
8050 0
10409 1
12281 1
13717 1
1968 5
10367 0
217 1
11699 0
6716 2
689 2
10830 2
5171 0
5480 2
6991 2
8861 2
2647 0
10223 2
6829 1
5210 2
5063 2
1551 1
4403 2
153 2
8869 1
6400 2
11267 1
6192 4
7548 2
9744 0
10135 2
1256 5
854 2
6013 2
14759 2
7663 1
7534 2
13439 2
13564 1
10406 1
11018 2
10530 0
12408 2
11043 2
3661 2
13568 1
10179 5
14542 2
11300 0
3962 1
5351 2
13127 2
7272 2
5495 1
13062 0
6792 1
5008 1
10286 1
9638 0
3748 0
10260 1
369 1
5122 1
3455 1
8005 2
3794 2
13208 1
5504 1
6521 2
3181 0
13937 5
3061 2
1003 2
1556 2
123 1
10777 1
12620 2
11969 2
2492 2
10612 2
978 5
1124 2
6890 3
12824 1
14593 1
5249 1
11099 0
9822 2
9160 0
8218 1
9924 1
402 2
12117 2
14073 0
13123 2
4763 2
6878 1
13605 1
7868 1
9918 1
9577 2
1660 0
606 2
8036 2
6706 1
2041 1
8694 2
12015 1
9785 1
3478 0
7576 2
7064 1
13009 0
14655 0
2744 1
1910 2
3878 1
13128 5
3688 2
5885 1
13243 0
11803 1
8125 2
8474 2
8918 0
11519 0
10166 0
1786 0
3360 0
186 1
9388 2
9629 2
6244 1
13358 2
5715 1
12732 4
257 2
4659 2
10111 1
6506 0
11618 0
10746 1
8584 2
2989 2
13343 0
13582 2
5002 0
3053 1
10069 1
7307 2
254 5
11847 1
10126 2
5425 2
76 1
0 2
5979 0
2267 1
4211 2
5743 2
7215 1
5781 1
14386 2
5044 0
5663 2
7050 1
12315 2
7389 2
10371 1
1892 2
7456 1
14524 0
14435 0
14661 5
12350 1
3035 0
5393 1
4100 2
3786 1
3054 0
10310 1
3145 0
1351 1
8920 2
3417 1
4558 1
5837 1
10995 0
8507 0
11668 0
11754 2
13681 2
12864 5
5116 1
1914 1
8835 1
4869 1
13662 1
4377 2
14156 2
13699 2
13042 0
2802 0
6696 5
4019 3
8824 1
5740 1
1319 2
6953 2
3751 1
10582 0
2819 2
9644 2
6074 1
8411 1
1248 2
74 0
14771 2
3271 1
2745 1
5288 2
465 2
968 2
4254 2
9410 1
299 2
2483 2
8954 1
9535 2
12495 0
9929 2
4772 0
12067 2
12355 1
1968 2
8940 2
6996 1
2617 1
3316 0
4666 1
10673 2
545 0
13729 1
11537 0
12941 4
8401 2
10089 1
7683 1
14482 0
14032 1
53 1
9114 2
4076 2
11203 0
1780 5
11904 2
9347 5
12097 1
14283 2
3467 1
1503 1
1523 0
12305 1
4017 0
10974 0
5190 1
4619 2
7522 2
7791 0
8743 1
4121 2
7677 0
10421 0
356 1
11515 2
3775 2
7180 1
7396 1
5107 1
13257 0
3221 4
12864 2
4424 2
14391 1
10139 1
293 2
13125 1
9452 2
6213 0
3516 1
8811 1
4260 2
8390 2
10656 4
3258 0
91 2
13117 1
480 5
6929 2
4725 2
1712 1
1394 1
3216 2
12132 1
6163 1
1268 0
10029 2
8433 1
14208 1
14947 2
6921 0
5809 1
14726 1
8763 4
599 2
58 5
519 1
14399 1
301 1
10729 1
14302 1
6170 5
2599 1
11576 2
5702 2
10781 2
1800 2
13834 1
11021 0
12293 1
13080 1
13783 5
2326 1
1194 2
6765 2
6993 2
13715 1
11828 0
4731 2
9604 1
8133 2
974 2
10259 2
11384 1
2515 1
10059 2
6642 1
679 1
5223 1
1927 0
10689 2
12820 1
3565 1
6138 0
3627 1
6628 5
5621 2
12797 1
14115 5
2621 2
4751 1
6883 2
13238 2
9653 1
9902 1
7193 1
9592 0
1853 2
14926 4
9061 1
4098 0
6876 1
11860 0
11827 2
8261 1
670 5
1851 1
6440 2
5532 1
11362 0
12267 0
5570 1
11427 5
6247 5
3497 2
4134 2
1018 1
11039 0
5899 2
10854 0
6124 1
8961 0
13436 1
13628 1
424 1
10335 2
5664 1
12799 1
12334 2
13235 0
7877 1
8189 5
12781 2
9844 2
6681 0
14486 1
11216 2
1591 2
5476 0
7404 5
5155 0
11237 2
11022 1
5341 0
12877 2
4276 1
2173 1
9287 2
6450 1
6266 1
13926 0
2441 0
11507 2
9387 0
3707 2
11701 2
2216 2
3280 2
12801 2
2608 2
3038 1
3910 1
13249 2
2417 1
2679 1
13949 1
3363 2
12388 2
11448 1
2783 2
1579 5
1958 1
14496 1
12937 1
14943 1
6538 2
4029 1
9816 1
12605 1
13854 2
7133 2
12214 0
6910 2
13943 2
8323 0
1259 1
1998 0
11044 0
6971 2
5622 2
14789 5
11981 2
6584 1
11428 1
4906 1
8801 2
8859 2
3611 5
5260 1
12993 0
14200 1
11238 2
4622 1
10448 5
14739 2
4168 1
3700 5
8316 1
4863 2
12926 1
13389 2
9368 0
11242 0
10613 1
6346 5
1387 2
14792 2
12917 1
6005 1
8167 2
7239 1
3103 1
9228 2
7225 1
6405 0
2639 5
10132 2
12131 1
6133 2
3160 5
13534 1
4764 2
3101 5
9518 1
8258 0
9476 0
4247 1
9534 1
10590 2
6379 2
9280 1
3978 0
10950 2
6116 1
3708 1
4332 0
2959 5
9690 2
3172 2
13303 0
4540 2
5684 2
2010 1
12080 2
11227 2
8586 1
7570 1
4752 2
4014 5
12689 1
6870 2
7240 2
13316 2
2486 1
12363 0
1581 1
9799 0
13323 2
1050 1
10365 2
1220 2
1993 1
6833 1
6700 0
3152 0
10677 5
9510 2
10535 2
12905 2
14394 2
14255 0
2501 1
3941 2
5415 0
4635 5
2878 4
8996 0
11910 0
6443 0
11284 2
457 0
5536 2
6788 1
8697 0
8175 1
4623 2
13510 2
3266 2
1064 1
947 5
1389 2
10487 1
859 2
4043 1
3489 1
13038 2
2155 0
1480 1
10003 0
13787 0
10909 0
5182 1
6494 2
6892 1
13166 2
8272 1
8361 2
2292 5
2390 1
12935 1
13023 2
7786 1
14297 2
12737 1
7914 2
3046 1
10587 2
8307 1
8493 0
7364 2
9780 0
13676 2
8985 0
4094 5
14454 2
14380 1
328 0
6967 4
9699 0
11138 1
6330 1
10324 1
487 2
10934 0
531 2
13122 2
1433 5
8944 5
4877 1
13134 0
6050 5
14101 0
3793 1
11405 2
9276 2
3475 2
14935 0
5430 0
8569 0
9599 0
2731 0
7409 3
5474 2
3457 1
2714 2
12945 2
12964 2
9063 1
13280 2
13223 2
8845 5
1247 3
13735 1
3993 2
7742 1
2872 0
478 0
8348 2
2368 1
11724 2
12032 0
10616 2
8480 0
4511 2
9840 2
8568 1
732 2
7977 0
3874 1
10017 1
9243 1
14556 2
5641 2
6118 1
1421 1
3854 2
5499 2
5640 2
8636 1
12842 1
1263 2
3433 0
2129 0
13604 2
4870 2
8016 0
1933 1
12536 0
8910 2
10416 0
320 1
9711 2
12256 2
6723 2
13083 0
2722 5
5826 2
7056 2
3711 1
1457 6
4779 5
5029 1
12559 1
9944 2
9642 2
11110 1
738 0
3205 5
7049 1
26 2
6581 5
7403 0
5818 2
1232 1
14626 2
8163 2
12598 1
5780 1
2007 1
1051 2
879 1
548 2
8775 0
3730 0
9692 1
9964 1
6482 1
14476 0
2715 1
14278 6
12932 1
4234 1
9681 1
12071 1
5799 1
1877 4
12261 2
4216 1
3430 2
10762 1
759 1
11208 0
2669 0
8308 2
14370 2
1446 6
7054 2
12454 2
11177 1
8211 5
4611 2
58 2
2787 2
3855 2
10815 2
4685 1
3564 1
8378 2
1352 0
10890 0
13438 1
5515 1
12474 2
4272 2
7159 2
159 2
92 1
5399 2
12965 1
14187 1
2104 2
8588 2
10893 1
6236 1
1704 1
5459 0
3219 2
1035 0
3796 1
13548 2
9932 0
12137 2
5059 1
13733 1
2367 5
10199 0
3753 2
8384 5
3692 1
1546 1
13109 1
10732 5
14064 1
9835 1
12806 0
11742 0
5503 2
2100 2
2920 2
2455 5
8266 2
1176 2
1532 2
13958 2
7618 2
7279 2
2738 2
6596 1
4880 1
4610 0
3226 2
10998 2
1974 2
5323 5
8073 1
4503 2
96 2
4169 2
9193 0
1768 2
10966 2
6500 2
12904 1
5819 0
6597 1
10917 0
8343 0
6413 2
13140 1
13651 0
5528 1
3276 2
12056 0
14698 2
6807 2
3309 1
12475 1
4555 2
4673 2
1185 2
4595 2
9237 0
14688 2
6635 2
13387 2
3255 2
11905 1
4635 2
13851 0
8555 1
1119 2
1855 2
8471 2
8251 2
27 0
522 2
3598 0
3703 2
12160 2
11182 1
10095 0
7580 2
14393 1
12395 0
5256 2
14017 1
13190 4
11530 1
11125 1
3222 2
10723 2
3168 2
9635 2
2960 1
10785 5
5508 0
12383 2
6424 2
12757 1
10815 5
10853 2
7129 0
13565 1
14535 5
8041 2
1316 0
3623 1
8752 5
5213 1
13618 1
6264 2
5882 0
5228 1
14178 0
85 2
9680 1
4780 1
9485 2
14114 0
9355 1
1188 1
13058 1
13333 0
1876 2
1678 1
8243 2
11702 2
2729 2
8014 2
270 5
6570 1
10420 2
2071 2
3621 4
1034 2
13443 2
454 2
1775 2
5669 1
3760 1
8607 2
9328 2
8197 2
504 2
8766 1
14614 0
3907 1
6122 2
3620 5
6918 1
2691 1
675 1
6952 2
1570 1
10368 0
1761 1
1025 5
578 2
2483 5
14248 2
11711 5
13143 0
1166 5
13193 5
5964 2
12386 2
12800 1
8276 1
7273 0
10438 1
12949 1
14371 0
9326 1
5864 1
8717 2
3608 1
10627 1
7746 2
7745 2
1009 4
12950 1
12459 1
1115 1
4097 2
1692 2
8354 1
11643 1
12574 2
14423 1
1455 2
10377 1
9424 0
1154 1
7805 1
14581 2
650 0
1300 2
12764 2
8132 1
10976 2
11412 3
6453 0
488 5
14125 2
3032 1
6685 2
11744 1
392 0
14530 0
8189 1
7235 1
14588 1
12504 5
10049 1
5977 1
14296 1
8434 1
6579 2
14445 2
3892 5
3782 1
14762 2
4847 1
13211 2
13567 2
11854 2
12968 1
10634 1
5072 1
8509 1
2717 2
5541 1
1439 2
1229 0
12498 1
11625 0
6210 0
4404 1
7322 2
8999 5
9104 2
6051 0
2437 2
3599 1
7193 2
11122 0
12761 1
5129 0
10037 2
12262 1
10810 2
2046 2
11031 5
7991 1
4398 2
10186 1
1743 2
8452 1
2488 2
6320 2
14586 1
1371 1
829 1
12858 5
2907 1
5844 0
10822 1
7693 2
14666 1
4199 1
11879 0
8936 2
12855 2
3364 2
7033 2
6470 2
13916 0
6106 1
13728 1
11726 1
6232 1
4275 1
12455 1
2243 2
14479 2
11585 1
9015 2
12852 0
9819 0
6200 1
4294 1
10579 1
1896 2
6944 2
2902 1
12368 1
5744 3
1782 2
8090 2
5340 1
9200 2
1222 1
12473 0
6545 2
4457 1
3969 0
2642 1
8752 2
8571 0
2784 0
4024 2
4330 2
6247 2
1793 1
201 2
9406 5
2497 1
1057 1
6343 2
13890 0
13132 5
5442 2
2522 0
12835 2
12492 2
268 1
928 1
2113 1
6926 0
7685 3
10527 5
4078 5
5201 1
7640 2
7382 3
7108 2
7892 2
8848 2
12931 2
14493 2
307 2
7568 6
10230 2
13978 2
9866 1
8867 1
10690 2
12497 1
7466 1
9260 1
12566 1
11941 1
7187 5
11209 5
3057 1
11070 5
14906 1
4124 2
2929 0
1568 0
9179 2
6205 1
12039 1
9281 0
5245 5
11281 2
4486 2
6796 5
3834 1
3257 2
2037 0
1497 1
357 2
9132 5
6351 2
2695 0
14565 2
6307 2
12469 5
12813 0
6267 2
14192 2
10351 2
11190 2
5410 1
3914 0
3434 4
1216 1
14456 2
5276 1
9619 1
14319 2
1465 2
9724 1
10979 2
4303 2
6947 2
1623 0
4536 2
4284 1
14748 1
14808 0
5987 0
6919 0
3484 1
13314 0
12768 1
11060 0
7392 1
12691 0
12866 1
10657 1
8927 1
78 1
13705 1
10026 0
1030 0
12047 1
10751 1
6144 5
8481 2
9762 2
8874 5
6367 1
12348 0
14695 1
5746 2
9483 2
13474 3
8620 1
6388 5
2924 2
603 2
6607 2
6852 6
9033 5
9288 1
6436 1
13418 1
8415 2
9759 0
6066 0
6111 1
141 2
1849 2
11085 2
8248 1
12065 1
12685 0
7738 2
1148 2
3115 0
6278 2
12321 1
12078 1
736 1
8681 2
13857 0
2389 0
13908 3
9469 0
2262 5
139 2
4872 2
7608 2
11345 1
5498 1
11461 1
9663 1
12424 2
11161 6
4442 1
10374 4
1005 0
8924 0
11961 2
12884 0
3513 2
11580 1
9996 2
5087 1
2078 2
3530 1
9366 1
1307 0
5481 1
13501 5
11906 0
12996 4
589 2
5653 2
907 1
2566 2
11816 2
12309 1
674 2
14425 2
3300 2
6522 5
9994 2
9955 0
6554 2
7281 2
4656 1
11823 2
8609 1
11544 5
14158 2
2196 1
8527 5
2900 1
10775 3
7764 5
14949 2
3348 2
11217 0
13684 2
10444 5
2762 0
248 0
6130 1
5967 0
271 1
4344 1
10717 0
5491 1
11715 2
4805 1
3289 1
12421 3
11280 1
7353 2
13798 1
3398 6
11695 5
12784 3
4452 2
9521 1
13761 2
8894 2
327 2
324 2
8397 2
4625 0
336 1
14128 4
7486 5
11630 2
9318 1
6510 1
11092 3
2412 2
6827 0
3874 5
7624 2
739 2
8951 0
13569 1
8926 1
1565 1
14939 1
9394 2
9441 1
3673 2
12492 5
7547 0
1404 1
3668 1
3371 2
6256 1
5840 2
10435 2
10032 0
6333 0
9177 2
9631 1
4639 2
64 2
5876 1
5388 1
7213 1
8741 1
8537 1
8233 5
13693 1
11898 2
4611 5
7089 0
12586 2
8388 1
11347 2
5968 5
6293 2
13796 0
2470 1
10221 2
6559 5
1753 2
6544 2
8546 1
4796 1
7797 6
2639 2
2676 2
9482 0
10185 5
358 2
3480 1
8059 0
1765 2
10586 1
6043 2
14406 0
11315 0
5453 1
3925 2
5093 2
3857 1
14355 0
7803 2
13167 0
9075 0
8184 2
8560 0
8174 1
8690 1
14218 1
3078 5
913 2
2072 1
13452 2
9833 0
12611 2
193 2
6485 3
5176 5
4179 2
4433 0
12128 1
10444 2
3203 1
6560 1
12733 1
2889 2
10475 2
9042 2
6403 2
4614 1
10027 0
4873 1
6702 0
9610 1
13487 2
1658 5
10096 0
3572 0
5548 1
5953 1
108 0
14049 1
7949 1
7483 1
11473 1
11652 1
11540 2
8921 1
3119 5
11234 2
4298 0
2076 5
6971 1
8820 2
9246 2
8624 2
14800 5
2809 0
976 1
11158 2
8842 1
9578 2
4280 1
6461 1
4731 1
7078 5
1452 5
5855 2
7971 2
8971 1
6695 2
6777 1
7237 1
7491 2
12129 1
3812 1
9121 0
8709 1
486 2
5696 1
4420 4
7070 0
3885 2
10706 2
5553 5
1271 2
11549 2
12258 1
8534 1
2036 1
11747 1
11452 0
4791 1
5168 1
8399 2
12686 1
9927 2
3886 2
13976 1
9080 2
297 0
3648 2
1856 1
3686 5
8247 2
3591 0
2505 1
13779 5
12811 2
9613 2
1577 0
4706 1
13368 1
9111 5
13783 2
2788 1
1004 2
12902 2
5301 0
3067 0
11858 2
4833 2
7429 0
14324 1
14739 5
995 2
501 1
3337 0
9590 2
9455 2
760 2
12440 2
254 2
1272 5
12590 2
6319 2
6753 2
12927 5
146 3
2073 1
11810 2
2668 1
9418 0
6648 0
5137 2
7482 1
11129 1
7317 0
10506 2
11524 2
3016 2
6701 0
1722 5
13498 1
6444 2
6957 2
4028 2
5028 2
13213 2
3359 2
7634 2
972 2
12408 1
10752 3
971 1
12531 0
8416 2
1954 0
1685 1
10614 5
9684 2
12864 1
11403 1
8314 2
4604 2
791 2
11107 0
5597 5
12507 0
13893 5
458 5
4312 1
7447 0
12110 1
10403 2
11696 2
3712 2
14066 0
7043 2
1485 0
6620 2
13718 2
10386 2
7832 2
3705 0
5829 2
6937 1
5742 2
14294 6
7517 1
10529 2
10482 2
5348 2
8815 2
1360 1
4469 2
8271 1
12992 2
9878 0
14695 2
3305 1
7093 2
6216 2
11483 1
115 2
9679 1
3369 1
1127 1
4438 1
9589 0
13237 1
7860 1
10955 2
2246 2
4238 0
8347 5
4538 2
1419 1
11079 2
4620 1
10674 2
2785 2
12738 2
6839 5
13630 1
13575 2
14534 2
2411 2
5971 2
850 5
13699 5
10994 3
7886 0
408 1
7343 2
1890 5
4912 1
12200 1
3142 1
4202 2
1561 2
12054 2
8190 1
9508 5
3690 2
13572 2
853 2
12826 2
14445 5
13955 1
6679 5
4997 0
9283 1
13754 2
6075 2
14600 1
7100 2
121 0
14769 2
2387 0
12289 1
10215 5
6113 2
8086 2
1022 5
12130 1
10653 5
5730 2
9029 5
316 2
11760 1
1102 2
11927 2
5526 2
3699 2
394 0
9825 0
9031 1
2230 0
8864 0
2882 0
8161 2
240 2
8959 2
5856 2
13473 2
12947 1
14783 1
2044 0
1042 2
13142 2
7487 1
3376 2
7243 1
7489 0
4152 2
14837 0
2548 1
3822 0
13660 2
5550 2
9995 0
1359 1
1953 1
13719 2
13552 2
2608 5
5643 1
9404 2
377 2
8962 0
275 1
13066 2
5093 5
9541 2
2108 0
3652 2
3568 5
11596 1
7269 1
12141 5
4742 1
868 2
13008 2
11929 2
6794 2
14487 0
3864 0
6891 5
5013 1
1283 0
13148 0
5169 5
7065 2
12778 2
9779 2
7173 2
426 2
3606 5
7255 2
2316 0
10030 1
10964 2
3861 5
8844 1
1773 6
4712 4
6166 1
12616 2
1618 2
10838 1
13915 2
9381 5
14317 1
7380 2
9738 1
9076 2
5003 2
11905 2
5965 5
14408 0
6088 1
12020 0
3759 2
11560 0
3297 0
11183 2
14554 1
493 2
1029 2
7873 2
10141 0
9727 4
13184 2
14142 1
5843 1
8039 1
2869 2
12844 3
7468 5
1731 1
161 1
12747 2
3633 2
10362 2
10891 2
1106 2
10290 2
8589 2
8030 2
8427 2
2742 0
5770 0
10179 2
8514 2
14418 1
14173 2
14308 2
9428 0
9904 3
12040 3
1841 1
13547 6
10333 3
5788 0
12879 2
10453 2
6907 0
13886 1
12477 1
5045 5
13386 2
4038 1
13891 1
644 2
7889 1
4929 2
7016 2
4405 1
2322 2
2352 1
13072 1
13400 2
940 1
179 2
6868 1
6448 2
1435 1
7896 2
9906 2
5399 5
6575 2
7740 1
771 2
6523 6
7894 1
481 0
13411 2
14665 2
8847 2
4583 2
1466 0
2263 0
7667 2
9303 1
11944 1
13586 0
6657 2
7135 2
13501 2
11058 1
346 5
6811 5
1134 2
12775 2
12947 2
5678 2
3136 2
4865 1
4541 2
4634 1
1156 1
25 5
13873 2
8527 2
4016 2
7925 2
10297 2
10221 5
10709 5
9539 2
11101 2
542 1
130 6
7939 2
8410 0
5242 0
13087 0
7922 2
9296 2
13432 1
8254 2
13105 2
10180 2
5077 0
1783 0
11541 1
9966 0
12180 1
4618 1
14608 5
4062 2
1393 2
6319 5
1493 2
5085 2
725 2
5560 2
14477 0
635 0
6624 2
1619 5
6224 0
10878 2
5575 2
11551 6
3295 1
5610 1
7439 5
8613 2
11933 0
13015 0
11647 0
3474 5
8164 2
2222 2
14330 2
6745 2
13095 2
8102 2
2464 1
4844 4
10127 2
8194 4
2798 2
8668 0
4191 2
3535 0
11858 5
2321 2
12164 2
4269 5
5697 2
14432 0
12663 2
7696 2
14091 2
666 0
3680 0
14171 6
2588 2
11698 0
5774 0
4062 5
9906 5
3237 1
3037 1
5090 0
10635 1
11774 5
14131 1
4293 2
2467 1
12816 1
5960 2
7339 1
10501 1
306 2
4872 1
3753 1
8754 2
14096 5
668 5
1251 1
8331 2
12435 2
12150 2
2238 1
14504 2
10278 2
12759 2
10871 1
8671 2
3849 1
4280 2
3103 2
1208 2
7527 2
9884 2
8062 2
4627 2
11140 2
3312 1
874 1
5045 2
11379 0
14323 2
13374 2
10466 2
7708 1
6079 2
9223 2
7211 2
5971 5
9127 2
3082 2
8516 2
404 2
7423 1
11310 2
4988 0
2291 0
4160 1
7664 5
7286 2
6688 2
3125 2
9708 2
1758 0
14937 2
13563 2
2790 1
5321 2
14912 0
2474 2
3956 2
9484 5
7588 2
4918 2
10110 0
10546 2
7662 0
10471 2
11882 2
9187 2
2581 2
1452 2
10253 5
1276 1
13406 2
383 2
2056 2
10838 2
10999 2
1436 5
13233 1
5101 2
1696 2
14050 0
8187 3
12697 2
1678 2
4428 2
12920 2
14333 2
4911 0
10713 5
13609 5
3417 2
11309 2
9963 0
3594 2
1160 2
2283 2
330 3
8758 2
4716 2
7631 4
6147 0
2178 1
5291 0
1677 1
11862 1
11238 1
6298 2
13639 2
13102 0
3267 2
10079 2
10044 2
10609 2
4477 2
9606 1
13450 2
12942 0
4699 2
10510 2
2059 2
13300 2
8044 2
13971 2
14706 6
14661 2
4884 2
627 2
5792 1
9084 0
14175 2
8812 1
14219 2
9206 2
6836 1
7098 2
9650 5
8676 0
11676 2
12042 0
9958 1
12713 2
10761 5
9187 5
6277 2
12341 2
11150 2
11581 5
7750 0
1323 1
8145 2
4698 2
3042 2
2221 2
9087 2
2081 2
5921 5
8612 0
11738 1
5933 1
5135 2
5467 1
1625 5
5410 2
1911 2
13691 2
3555 2
1871 4
8923 5
4327 2
3739 3
8214 1
12221 0
9133 3
4010 2
9294 5
14117 5
6599 2
6643 2
6818 0
4939 2
2332 5
3357 2
2444 0
4436 1
811 2
14079 2
9323 2
725 5
5156 5
14505 2
14845 0
7728 1
13875 5
5942 0
10322 2
6685 1
2418 2
9993 1
13858 2
4354 2
7365 2
11466 2
9122 1
3333 1
1189 1
345 2
6317 2
6693 2
8573 2
12136 2
10315 2
7071 0
3440 0
9930 0
6667 1
8308 5
8288 1
14663 2
12664 1
8946 6
14266 2
12927 2
11775 0
4977 0
5747 5
9821 1
9861 2
6371 1
8078 2
9273 1
6775 2
7713 2
14346 2
681 1
14817 2
5921 2
3461 5
1175 2
14842 2
1298 1
8821 2
4584 6
13495 1
13517 1
1873 2
12225 0
8730 2
2460 2
7996 5
11543 1
8204 1
669 3
14668 2
14836 6
9175 2
2906 5
12886 1
2180 2
1699 1
6434 0
2234 0
2594 2
10052 2
5477 1
9037 2
12412 1
7435 2
4279 2
4256 0
11336 2
11454 1
6073 3
4018 3
10799 2
12185 2
786 1
2979 2
9272 0
4356 2
10292 1
12051 2
3956 5
7080 0
8289 1
2447 2
7759 2
12915 2
2181 5
13931 2
14120 2
1869 5
10646 1
7086 3
3133 0
5686 1
13957 2
4385 0
2220 2
3170 2
13871 2
11357 5
9912 2
6008 1
11320 5
1788 3
5602 2
7142 2
7807 2
13472 1
3727 1
9729 0
4657 2
10753 1
7494 2
2490 2
6019 1
7399 1
11320 2
10667 0
12340 2
14573 2
13898 2
11172 2
9406 2
10639 1
6796 2
5310 2
13660 5
5147 2
284 2
9068 5
3766 0
9384 2
14308 5
13822 5
11401 1
1075 5
9686 6
4537 2
4026 0
25 2
1879 2
6036 1
12604 2
8227 0
9268 1
2051 3
466 0
13803 2
9968 2
10274 2
14304 2
3487 2
9103 2
3438 2
13864 5
14085 0
14169 2
11285 0
614 1
1001 2
6854 1
8839 0
4750 0
5908 1
7785 2
13176 2
699 1
8653 0
95 1
3454 2
3836 2
2957 2
8053 2
6824 2
4650 2
8334 0
6258 0
7664 2
13425 1
3079 5
6748 1
3456 0
2743 2
7400 2
2280 0
7163 2
7687 2
13137 0
2524 5
2442 2
6968 2
7018 1
10343 1
10715 1
13548 5
12294 2
2965 0
7490 3
8932 2
2840 2
8694 5
7758 2
8325 1
3466 0
10548 2
8751 5
1022 2
1712 2
9889 2
848 2
9539 1
14851 0
4895 0
4565 2
3322 2
9996 5
12496 5
1433 2
6812 1
9395 2
8100 1
4134 5
8347 2
3494 1
5308 5
7927 5
5562 1
11151 2
807 1
2338 2
999 2
13967 4
10668 0
9917 1
8990 0
6903 5
2179 4
11464 2
11273 2
5974 2
11503 0
13454 1
4828 2
13173 2
8302 1
9885 0
3797 5
9447 1
12564 2
14934 1
11397 2
12834 2
960 2
7812 2
9347 2
13901 1
2698 2
1554 3
5666 0
181 2
5305 5
5539 2
14260 0
1466 1
9390 1
2856 6
13952 2
882 2
6797 5
11051 2
8287 2
6081 2
8567 2
1628 2
1892 5
3036 1
13821 0
418 2
5088 6
12576 2
14822 3
11425 2
8043 2
634 5
4785 0
7936 2
12700 5
10952 6
814 1
1593 1
94 2
10996 1
498 2
4063 0
5526 5
714 2
10549 2
8233 2
3474 2
4898 5
9742 1
7404 2
3251 2
379 2
14760 2
12506 3
9870 5
1722 2
1479 2
8083 0
4022 5
6915 0
8051 2
10946 0
10176 2
5978 2
7956 0
1779 2
10833 2
4128 0
10254 1
13584 2
8779 2
11006 2
13350 3
10011 3
4719 1
14258 2
9551 5
8639 5
6554 5
5372 5
12017 2
7144 2
5188 2
2787 1
13776 2
277 2
6406 1
8788 0
672 2
8932 5
11263 0
12547 2
13842 2
4329 2
11391 2
13903 0
4675 2
3922 1
9016 5
7704 5
10631 2
5027 1
11805 5
5184 5
9197 5
14352 2
14515 1
12562 3
3948 2
5098 2
1274 0
1138 2
2038 3
13963 2
1330 5
4074 1
9130 2
4206 2
1703 2
6750 5
6568 2
14040 1
13298 2
10552 2
1037 5
3952 2
6360 1
13492 0
14688 5
13566 0
780 2
4386 5
3494 2
2734 2
2480 1
11206 4
14865 3
12466 2
13937 2
11277 2
1488 1
305 1
14356 2
2146 1
14909 1
13713 1
7666 1
5525 1
7440 0
9940 1
12047 2
4311 2
13824 1
14709 2
5928 0
2555 2
3423 2
10785 2
588 1
11038 2
889 2
5034 0
13636 3
358 5
6755 1
14712 5
9104 5
563 0
4655 2
1976 6
3620 2
13739 2
11784 2
11018 5
14113 0
6304 1
10010 5
6954 2
11685 2
10601 2
8602 3
8727 1
13643 2
14220 5
13533 2
11041 2
1767 3
9377 1
2277 2
1755 2
6427 0
6567 2
3719 0
13875 2
7709 2
13286 2
2877 0
11080 5
11897 2
10910 1
4357 2
14902 5
5365 2
12822 2
8564 1
12992 5
5015 2
10492 2
7457 2
15 2
14474 2
2930 2
1906 2
12808 1
10807 3
8047 1
244 0
10494 4
14224 2
3666 2
8981 5
8636 2
5719 0
5099 2
5806 6
3020 2
3250 2
11019 2
191 2
11223 2
5064 5
7367 2
3068 1
10330 2
10124 2
1174 1
13496 0
13011 1
10797 2
14676 2
1949 2
714 1
14115 2
6067 3
10660 2
7472 0
10239 2
10756 3
7164 3
13992 2
7639 0
8423 5
11442 2
11990 0
1118 2
480 2
522 1
684 5
6099 4
828 2
8818 2
8519 2
6885 2
7519 0
5776 1
5778 1
14257 0
4588 5
214 2
8243 5
8268 3
7160 2
6119 2
13531 1
3119 2
1308 1
509 2
5021 2
9374 2
13322 2
6122 5
5560 5
5685 0
1297 1
61 5
9386 2
3674 2
1860 2
7840 2
10339 0
5290 1
8120 2
1025 1
5733 2
5631 1
13022 2
334 1
9509 2
7780 5
165 2
210 2
10042 5
1483 3
11070 2
7442 5
1908 2
4288 2
7566 2
4828 5
13852 5
5914 2
10351 5
455 3
5040 0
13124 2
7658 3
7896 1
4467 2
7595 1
13843 1
7516 5
8922 1
7303 0
4554 2
10768 1
3431 2
3310 2
14722 1
2725 2
11240 5
7533 2
12359 2
3926 2
9129 1
8845 2
8975 1
13242 2
11017 5
11810 5
14090 3
7523 0
6851 2
4068 3
2663 1
3956 1
2306 0
7177 5
3177 1
8333 5
12663 1
2095 5
1978 2
12140 2
10578 2
10631 5
6309 2
2892 5
3231 0
14720 2
7623 2
432 2
7583 0
984 2
14095 2
6296 2
11930 0
4398 5
7291 0
14744 0
427 1
14011 2
1 1
12808 2
412 5
12290 5
2140 2
5657 2
3797 2
6298 5
13018 5
4316 3
7621 5
7377 0
11034 2
13362 2
11605 0
2945 2
3935 5
10238 5
14512 2
2571 1
8828 3
10874 3
7993 2
13330 5
1617 0
1300 5
1349 1
804 1
3432 2
7099 2
7305 1
2426 2
3262 2
458 2
12268 2
13779 2
14846 3
13287 2
3574 2
2958 2
10122 1
10277 2
8942 2
3219 1
1461 2
8533 1
1160 5
9154 2
3660 1
2279 0
11922 1
7020 2
6280 2
6742 2
4370 2
5595 2
13516 2
8955 1
5281 2
6830 1
412 2
4062 1
127 2
280 2
6368 5
2476 2
4930 2
9339 0
12134 2
8202 3
968 1
10947 5
6627 1
642 1
12874 2
8119 2
10037 1
426 1
8799 2
3257 5
8852 0
11372 0
10384 2
5870 2
9845 2
14914 3
3461 2
14535 2
1102 5
2677 2
13739 5
14656 0
7275 0
12122 2
7709 5
5984 2
8599 0
627 5
8523 0
13532 2
1330 1
21 0
13336 1
6752 2
9489 2
9632 1
6650 3
4644 2
1074 0
4119 0
6263 2
1504 0
14117 2
12474 5
7903 5
12325 2
1190 2
2919 0
1052 5
13791 2
4636 2
13562 5
755 1
5284 2
4691 2
13417 1
6841 0
3027 1
668 2
3848 2
16 1
9196 6
11076 5
9445 2
610 2
10923 2
11932 1
11353 0
8873 2
9690 5
11824 5
962 2
14020 2
7087 6
2455 2
1129 0
11055 1
6897 1
880 3
14541 4
2235 2
6175 3
3481 2
12125 1
2439 1
5137 5
12986 1
8635 0
431 3
1903 0
1805 3
5378 2
3576 3
7948 3
9351 0
1147 3
12359 1
3581 2
4225 2
7951 2
14414 2
3555 5
11926 1
8461 2
109 2
1972 5
7826 2
11185 2
9485 5
8691 2
1056 2
11140 5
1689 2
5065 0
948 3
5062 2
13692 2
2147 1
1347 5
10477 4
13273 3
2398 1
12720 5
4596 3
8456 2
471 2
7766 2
8237 2
9413 2
10519 5
14651 2
4579 2
1236 5
3688 5
4789 1
8490 0
14002 2
2322 5
230 4
4178 2
3967 4
7908 2
7653 5
5657 5
12704 5
12320 2
12330 2
5074 1
13686 2
290 3
13197 2
1320 0
426 5
